world: world_1_10
x: -3078.911434132778
y: 64.0
z: 3477.7322524789583
yaw: -140.1
pitch: 9.299998
name: 110_lockies_region
