world: world_1_10
x: 16408.029726530054
y: 40.0
z: -18266.607425092076
yaw: 1.5000117
pitch: 7.2000036
name: 110_sfmachines
