world: world
x: -2315.20540110303
y: 67.0
z: 4385.27703006802
yaw: 250.91733
pitch: 8.889548
name: 110_cyber
