world: world_1_10
x: -1.782818363305941E7
y: 63.0
z: -8967392.631030014
yaw: 108.00009
pitch: 9.74999
name: 110_grinder
