world: world
x: -1797.3577246499124
y: 44.0
z: -147.1769444948701
yaw: 144.43652
pitch: 2.4000025
name: 110_biscuit_sea_temple
