world: world
x: -11955.348994515387
y: 71.0
z: 6323.9234962354485
yaw: 49.884407
pitch: 21.605576
name: 79394water
