world: world
x: -11717.379718882146
y: 69.0
z: 6355.558464685883
yaw: 147.37735
pitch: 47.5673
name: 79394temple
