world: world
x: 10248.005621249777
y: 72.0
z: 11458.230576211716
yaw: -129.5623
pitch: 14.160307
name: 79394village
