world: flat
x: 358.5139296927568
y: 4.0
z: -641.1618388262007
yaw: 263.50543
pitch: 19.05
name: _npc_chalwkbuild
