world: world
x: -6503.47270993489
y: 176.0
z: 1512.4665310321145
yaw: 211.53741
pitch: 83.96057
name: a
