world: world
x: -93.75097153109122
y: 71.0
z: -3947.4416503323873
yaw: -103.49997
pitch: 25.35002
name: Above'sTomb
