world: world
x: 6227.5
y: 62.0
z: 6756.5
yaw: 28.281097
pitch: -58.65001
name: acacia
