world: world
x: -6436.477859755133
y: 250.0
z: 12003.036845523608
yaw: 178.40201
pitch: 0.15001284
name: acro
