world: world
x: -3075.529810715723
y: 148.0
z: 3553.588997356689
yaw: 184.26285
pitch: 55.27027
name: acro2
