world: world
x: -2.036705738880506E7
y: 85.0
z: -1.2851705464867357E7
yaw: 244.64716
pitch: 4.1998467
name: afk
