world: world
x: -1175.9619303451118
y: 97.0
z: -1756.9864979624751
yaw: 178.44077
pitch: 19.200243
name: Alchemy
