world: world
x: -3906.944207958922
y: 69.0
z: -11750.963532715747
yaw: 271.8861
pitch: -8.282854
name: alien
