world: world
x: 728.3804310696584
y: 63.0
z: 355.8651469899212
yaw: 80.49427
pitch: -4.800011
name: apt3
