world: world
x: 725.3048049175476
y: 62.5
z: 358.48985026094607
yaw: 90.46045
pitch: 2.5061934
name: aptbuild2
