world: world
x: 749.434108263819
y: 64.0
z: -172.69999998807907
yaw: 180.70122
pitch: 4.650004
name: archeryshop
