world: world
x: 662.5752133986789
y: 64.0
z: -284.3706973286514
yaw: 269.50882
pitch: 3.3000207
name: armory
