world: world
x: 686.7570879668541
y: 73.0
z: -284.5832483587066
yaw: 270.75867
pitch: 5.6999936
name: armorylevel2
