world: world
x: 680.4246625263963
y: 65.0
z: -284.6099877930322
yaw: 271.05762
pitch: 6.3301587
name: armorylevel1
