world: world
x: 687.6298551103259
y: 79.0
z: -284.6075139295948
yaw: -88.34132
pitch: 5.9999866
name: armorylevel3
