world: world
x: 941.3483523718548
y: 74.0
z: 2630.634841786361
yaw: -98.1811
pitch: 34.826168
name: Arty
