world: world
x: -1815.699615719437
y: 40.0
z: -4388.699999988079
yaw: 1.2415161
pitch: 7.02648
name: Aus_water
