world: world
x: 2396.578221009734
y: 12.0
z: -4595.6019680850395
yaw: -270.2557
pitch: 31.799965
name: awsmmine
