world: world
x: 2382.6236634367906
y: 81.0
z: -4602.9258932959965
yaw: -90.55527
pitch: 8.249991
name: awsmhouse
