world: world
x: -1393.2157843707616
y: 69.0
z: 1639.6828722761709
yaw: -177.75043
pitch: 14.550269
name: awsmblade
