world: world
x: 2578.8068877214505
y: 85.0
z: -4676.5078287137985
yaw: 269.5957
pitch: 50.99992
name: awsm
