world: world
x: 2283.621237679744
y: 69.0
z: -4497.535328884009
yaw: -178.2865
pitch: 33.997677
name: awsmthing
