world: world
x: -1819.4852860664732
y: 85.0
z: -1029.3963944425348
yaw: 91.641556
pitch: 6.299979
name: b_platform
