world: world
x: -2988.402248124301
y: 81.0
z: -2267.475342205962
yaw: -359.99908
pitch: 1.3500544
name: bank
