world: world
x: 3891.6356723335684
y: 131.0
z: -1246.0248404852334
yaw: 243.95215
pitch: 1.6501298
name: barn
