world: world
x: 11601.439727155786
y: 76.0
z: 11048.298426263427
yaw: -180.802
pitch: 3.4932222
name: beacon
