world: world
x: -3801.003825008629
y: 63.0
z: 5035.24567024539
yaw: 216.39786
pitch: -19.58327
name: beauty
