world: world
x: 986.5365401834666
y: 82.0
z: 2595.697527244546
yaw: 240.62186
pitch: -27.693392
name: Bell_tower
