world: world
x: 1097.699999988079
y: 66.0
z: -634.536939503747
yaw: 91.452995
pitch: -3.6459966
name: Best
