world: world
x: 737.0448644586176
y: 63.0
z: 118.88119594865992
yaw: 268.99854
pitch: 14.323555
name: bhouse
