world: MiniGames
x: 21.699999988079067
y: 20.0
z: -907.0672852601195
yaw: 271.50037
pitch: 18.449978
name: bin
