world: world
x: 12649.577349872305
y: 65.0
z: -16385.551429263884
yaw: 270.25903
pitch: 2.2297497
name: birch
