world: world
x: -12246.577015562088
y: 43.0
z: 5955.635560784696
yaw: -243.93414
pitch: 90.0
name: Black_Market
