world: world
x: 2353.4734052319554
y: 106.5
z: -4877.482709028918
yaw: -178.6779
pitch: 4.7422724
name: blade's_land
