world: world
x: -1294.2407286278683
y: 65.0
z: 4100.827527924664
yaw: -178.64926
pitch: 1.04987
name: blade
