world: world_nether
x: -770.7995521351063
y: 57.0
z: 3303.4818029256508
yaw: 90.71235
pitch: 3.4499254
name: blazexp
