world: world_nether
x: -958.8661825953814
y: 56.0
z: 331.60009602796947
yaw: -98.72039
pitch: 47.075867
name: blaze1
