world: world
x: 575.4828896347233
y: 63.0
z: 400.94716101569
yaw: 359.79858
pitch: 5.8500223
name: blhotel
