world: world
x: 208.02377958099277
y: 65.0
z: -3657.4699498835107
yaw: 90.16992
pitch: 4.949977
name: boatrink
