world: world
x: -3144.84679365758
y: 63.0
z: -2398.8395727022125
yaw: -302.099
pitch: 9.150004
name: boatracing
