world: world
x: -2.036710649629773E7
y: 92.0
z: -1.2851579300000012E7
yaw: -180.03503
pitch: 2.8499322
name: boatrace
