world: world
x: -793.4351192396771
y: 90.0
z: -3848.93192286033
yaw: 6.9612427
pitch: 2.8500063
name: bombrange
