world: world
x: -1.5115331897011282E7
y: 64.0
z: -1.269590428229139E7
yaw: 91.49182
pitch: 6.750013
name: bountyhouse
