world: world
x: -1819.4857450704844
y: 85.0
z: -1029.0730390651493
yaw: 179.5416
pitch: 10.34999
name: bov_platform
