world: world
x: 866.4390038167121
y: 70.0
z: -3706.5810815188393
yaw: 43.194683
pitch: 23.850016
name: Bread
