world: world
x: 567102.131389767
y: 107.0
z: 594311.9470233873
yaw: 242.54993
pitch: 29.69997
name: bridgetest
