world: world
x: -2062.225168074279
y: 68.0
z: -1066.06899380289
yaw: -92.88623
pitch: -2.1600132
name: BroHood
