world: world
x: 527.0608054798842
y: 66.0
z: 86.51998966161847
yaw: 269.35007
pitch: -1.3500279
name: brokenitems
