world: world
x: 526.9600288254428
y: 66.0
z: 86.60476010666274
yaw: 269.80002
pitch: -7.6499968
name: broken_info
