world: world
x: -2078.8494481853395
y: 80.0
z: -1170.4384002777535
yaw: 274.0609
pitch: 7.075223
name: Brotherhood
