world: world
x: -1842.300000011921
y: 70.0
z: -1028.699999988079
yaw: 34.79181
pitch: 0.9000506
name: buildcomp_plot6
