world: world
x: -1840.699999988079
y: 70.0
z: -1030.300000011921
yaw: 212.24146
pitch: 4.350049
name: buildcomp_plot8
