world: world
x: -1798.300000011921
y: 70.0
z: -1028.699999988079
yaw: 37.491943
pitch: 2.250064
name: buildcomp_plot2
