world: world
x: -1820.0490978365349
y: 88.0
z: -1029.4101023658932
yaw: -89.85751
pitch: -0.9000063
name: buildcomp
