world: world
x: -1840.699999988079
y: 70.0
z: -1028.699999988079
yaw: 328.94202
pitch: 3.4500656
name: buildcomp_plot5
