world: world
x: -1819.5285400667665
y: 85.0
z: -1029.8375460607417
yaw: 271.4918
pitch: 12.749983
name: buildoff_spectate
