world: world
x: -1798.4649550409963
y: 70.0
z: -1030.300000011921
yaw: 149.09149
pitch: 6.0000305
name: buildcomp_plot3
