world: world
x: -1796.699999988079
y: 70.0
z: -1030.300000011921
yaw: 218.99182
pitch: 2.4000373
name: buildcomp_plot4
