world: world
x: -1819.496904885064
y: 88.0
z: -1029.7905223574176
yaw: 180.89159
pitch: 3.9000294
name: buildoff
