world: flat
x: 481.414283635732
y: 4.0
z: -532.949301758903
yaw: -279.3288
pitch: 26.281727
name: build1
