world: world
x: -1842.300000011921
y: 70.0
z: -1030.300000011921
yaw: 146.09167
pitch: 1.3500537
name: buildcomp_plot7
