world: world
x: -641.4231811699301
y: 71.0
z: 3434.5776758746874
yaw: 0.0053710938
pitch: 9.449882
name: Build
