world: world
x: -1796.699999988079
y: 70.0
z: -1028.699999988079
yaw: 322.94177
pitch: 1.5000379
name: buildcomp_plot1
