world: world
x: 4424.542471914996
y: 67.0
z: -1831.5838054806436
yaw: 88.5578
pitch: 0.74998903
name: buy_luckyb
