world: world
x: -3065.9707747506823
y: 66.0
z: -2133.699999988079
yaw: -359.01147
pitch: 9.600277
name: camping
