world: world
x: 14667.69951154408
y: 72.0
z: 9134.591727744753
yaw: -267.616
pitch: 27.749983
name: castle
