world: world
x: -309063.4195100388
y: 45.0
z: -625918.1491619453
yaw: 183.26477
pitch: 14.185975
name: catfish
