world: world
x: -821.6999999880791
y: 23.0
z: -14452.959591231884
yaw: -5.921766
pitch: 43.95003
name: cave
