world: world
x: 661.7450757281593
y: 63.0
z: 206.4487978345368
yaw: 271.36212
pitch: 3.89169
name: cbar
