world: world
x: 851.9998605147409
y: 62.5
z: 317.0509229525626
yaw: 269.5365
pitch: 7.3498435
name: chalwkshouse
