world: world
x: 495.5040614626145
y: 66.0
z: 141.4104977746647
yaw: 91.29917
pitch: -8.400102
name: chestshoptut
