world: world_the_end
x: 1357.7930275392716
y: 57.0
z: -101.03615750231126
yaw: -271.82938
pitch: 6.1499887
name: chorusfarm
