world: world_the_end
x: 1187.8022357051511
y: 60.0
z: -50.692910050122045
yaw: -121.72738
pitch: 5.827182
name: ChorusFruit
