world: world
x: 522.9083891083591
y: 63.0
z: 487.4821798309652
yaw: -89.6418
pitch: 5.6380596
name: chouse
