world: world
x: 41453.5
y: 88.0
z: -19261.5
yaw: -89.98887
pitch: 0.047831673
name: city
