world: world
x: 646.4944217463086
y: 64.0
z: -293.39800437120493
yaw: 91.76758
pitch: 15.150173
name: clinic
