world: world
x: 255.5
y: 68.0
z: 3874.5
yaw: 207.14946
pitch: 34.500053
name: clock
