world: world
x: -2356.4544670854007
y: 79.0
z: -495.1553366962572
yaw: 0.32617188
pitch: 4.0501637
name: clr
