world: world
x: 993.5528608207132
y: 74.0
z: 391.66906996899326
yaw: 178.91388
pitch: 3.7500038
name: cmansion
