world: world
x: 594.4685930785711
y: 63.5
z: 43.214316702948906
yaw: 180.09999
pitch: 1.3499736
name: coffeeshop
