world: world
x: 18786.163852605918
y: 68.0
z: 15633.631286131777
yaw: -270.19183
pitch: 30.150162
name: colesseum
