world: world
x: 692.5429705506203
y: 65.0
z: 25.823719277144683
yaw: 178.96643
pitch: 8.850008
name: compensation
