world: world
x: 523.072987367297
y: 66.0
z: 126.90667058050191
yaw: 89.94996
pitch: 4.9499917
name: cosmetics_info
