world: world
x: 842.4077836175607
y: 62.5
z: 319.047317925643
yaw: 0.6006775
pitch: 6.4499173
name: cottage
