world: world
x: 842.4506645210647
y: 62.5
z: 315.5743836680369
yaw: 181.50095
pitch: 4.6499243
name: cottage2
