world: world
x: 2401.628458598812
y: 70.0
z: 441.71231208775265
yaw: 180.25635
pitch: -8.366719
name: courthouse
