world: world
x: 37.344249620366725
y: 74.8016664514463
z: -2437.8039166791086
yaw: -214.87372
pitch: 54.24005
name: cowfarm
