world: world
x: -3266.4806336879037
y: 63.0
z: 1035.4785524166648
yaw: 90.18965
pitch: -0.99335384
name: Cowner1
