world: world
x: 412333.3000000119
y: 73.0
z: 272693.15411859954
yaw: 87.99767
pitch: 34.050163
name: cq
