world: world_the_end
x: 1.4742508339040357
y: 66.41533518944674
z: 0.17371878153238834
yaw: -8.772583
pitch: 55.499943
name: credits
