world: world
x: 436.2871828456919
y: 71.0
z: -3845.1253171889784
yaw: 91.860016
pitch: 0.76921386
name: cryos
