world: world
x: 523.984687838248
y: 66.0
z: 127.19806805349363
yaw: 90.5502
pitch: 2.0999675
name: cusmetics_info
