world: world
x: -2316.8373129177103
y: 66.0
z: 4385.205137420576
yaw: 306.70648
pitch: 10.598429
name: cyberpuff_region
