world: world
x: 654.5
y: 62.5
z: 312.5
yaw: -1.0454712
pitch: 16.04984
name: d1zone1
