world: world
x: 517.5133486394236
y: 62.5
z: 440.79023266064456
yaw: 0.74607867
pitch: 3.7450767
name: d1zone2
