world: world
x: 3258.266172766725
y: 66.0
z: 1258.38822770104
yaw: -91.55835
pitch: 1.8461723
name: dam
