world: world
x: 2975.3026148469125
y: 80.0
z: 3060.9101105300815
yaw: -183.81848
pitch: 14.69994
name: darkoak
