world: world
x: 458.96231278073924
y: 66.5
z: 281.224244288089
yaw: 89.36455
pitch: 16.0501
name: dchurch
