world: world
x: 2445.857863494359
y: 85.88228539284003
z: -3617.7485855441714
yaw: -127.70752
pitch: 16.507362
name: deadforest
