world: world
x: 507.5
y: 255.0
z: 47.5
yaw: 261.70032
pitch: 79.79997
name: death
