world: world
x: -1262.1413875849478
y: 64.0
z: 4084.406511481855
yaw: -86.84979
pitch: 9.899955
name: demohomes
