world: world
x: -13076.216936269186
y: 63.0
z: -19461.19315250525
yaw: -211.1972
pitch: 24.94036
name: DemonRoboUnicorn
