world: world
x: -3638.8849072248518
y: 66.0
z: -3818.1117318884694
yaw: 182.84995
pitch: 13.200031
name: desert
