world: world
x: 17731.484133695507
y: 69.0
z: -13561.504958180238
yaw: 93.51828
pitch: 20.568876
name: dh1
