world: world
x: 710.4416720331913
y: 62.5
z: 418.499661635672
yaw: 89.710464
pitch: 5.3561926
name: dis12
