world: world
x: 1672.5817265314276
y: 82.0
z: 1564.7687403444393
yaw: 109.83185
pitch: 3.449926
name: divine
