world: world
x: 714.0862710521864
y: 64.0
z: -176.52031653206356
yaw: 247.4497
pitch: 0.15002553
name: dogpark
