world: world
x: -3175.4837745881296
y: 77.0
z: -4152.609654485653
yaw: -268.08804
pitch: -4.512847
name: door
