world: world
x: -2819.487459422043
y: 64.0
z: -4406.542165391391
yaw: -90.06964
pitch: 0.11466929
name: dropparty
