world: world
x: 840.7214179057554
y: 63.0
z: 362.5596985652247
yaw: 270.60065
pitch: 9.149915
name: dshop
