world: world
x: 526.0056354841886
y: 66.0
z: 56.33895860391405
yaw: 1.449967
pitch: 8.249973
name: dstorage
