world: world
x: -15383.241890807776
y: 69.0
z: -13396.038861089546
yaw: -82.20508
pitch: 38.115974
name: earth_and_sky
