world: world
x: -11988.016686265291
y: 90.0
z: -11459.962514353529
yaw: 319.5511
pitch: 28.434713
name: Echo_City
