world: world
x: 41450.420913467024
y: 88.0
z: -19261.235826878525
yaw: -88.119484
pitch: 4.392889
name: edgecity
