world: world
x: 412852.45906837174
y: 149.49177665934187
z: 272507.2761742706
yaw: -37.40108
pitch: 4.800007
name: eg
