world: world
x: -220056.70569509864
y: 256.0
z: 183015.50903569255
yaw: 269.38477
pitch: 3.7501159
name: Elytra
