world: world
x: -3075.486001627099
y: 155.0
z: 3553.710430025822
yaw: 180.26282
pitch: 35.264175
name: elytra2
