world: world
x: 5485.694799243272
y: 68.0
z: -6074.035984790751
yaw: 89.724815
pitch: -0.89954156
name: enchant
