world: world
x: 686.5943238837896
y: 65.0
z: 43.462235360298806
yaw: 270.0166
pitch: 0.5999984
name: enchantshop
