world: world_the_end
x: 0.2613148384551497
y: 61.0
z: -1136.5310636587737
yaw: 149.94652
pitch: 7.782559
name: end
