world: world
x: 308.3689135330913
y: 69.0
z: -889.5971176258699
yaw: 88.438545
pitch: 2.6777773
name: end's
