world: world_the_end
x: 1374.8478767592394
y: 60.0
z: -1453.9649849718191
yaw: -183.20546
pitch: 5.827184
name: EndCitySmall
