world: world
x: 16372.02685971166
y: 72.0
z: -8853.714604896817
yaw: 180.58661
pitch: -2.3691063
name: expgrinder
