world: world
x: -7594.851388984616
y: 64.0
z: 15480.969123114539
yaw: 270.2965
pitch: 11.849979
name: farm
