world: world
x: 788.5524706829898
y: 64.0
z: -779.6014605042077
yaw: 6.117737
pitch: 0.6759827
name: farm1
