world: world
x: 800.3333730068571
y: 123.0
z: -574.3678162135949
yaw: -88.48719
pitch: 19.050085
name: farm_viewing
