world: world
x: 3893.663575232841
y: 152.1251445647242
z: -1230.1012073044321
yaw: 228.64157
pitch: 21.538769
name: farmhouse
