world: world
x: 1009.8465057724073
y: 66.0
z: -633.9413283999063
yaw: 269.3225
pitch: 21.435583
name: FarmCommunity
