world: world
x: 15301.850794716222
y: 86.0
z: 9007.728494486213
yaw: -72.75685
pitch: 16.68606
name: feistyspike
