world: world
x: 3895.015477637975
y: 131.0
z: -1252.6750100804834
yaw: 272.87354
pitch: -4.350039
name: fhouse
