world: world
x: 944.4681339010044
y: 74.0
z: 2628.338113093001
yaw: 179.5661
pitch: -2.5158885
name: FireWarlock
