world: world
x: -6979.283466897552
y: 63.0
z: -5344.987862903552
yaw: -179.52051
pitch: -1.0501004
name: firework
