world: world
x: 944.4981632803713
y: 72.0
z: 2592.3501164312343
yaw: 179.14676
pitch: -11.956281
name: Fire_castel
