world: world
x: 967.6449981913344
y: 138.0
z: 2584.4506863348465
yaw: -90.84894
pitch: -43.21448
name: Fire's_Island
