world: world
x: 967.4046105717729
y: 75.0
z: 2610.288859208882
yaw: 89.77133
pitch: 8.602867
name: Fire's_House
