world: world
x: 944.5548892760177
y: 72.0
z: 2592.617731795093
yaw: 179.77586
pitch: -13.005213
name: FireWarlock_Tower
