world: world
x: 412723.34308916266
y: 72.0
z: 272426.2097897104
yaw: 1.5806317
pitch: 31.649988
name: firework_test
