world: world
x: 228.3509486550762
y: 66.0
z: 21.998271565530573
yaw: 359.05
pitch: 5.8500185
name: fishinghut
