world: world
x: -6184.598007324554
y: 64.0
z: 6029.992817900948
yaw: -88.83691
pitch: 5.779212
name: Flag_Building
