world: world
x: -12766.775184893126
y: 70.0
z: -11481.955599140612
yaw: 198.90009
pitch: 7.3499885
name: flatarea
