world: world
x: -3857.3068603691568
y: 179.0
z: 563.7406745970127
yaw: -307.94214
pitch: 47.875988
name: floating
