world: world
x: -15310.423810232713
y: 82.0
z: -7659.299900562001
yaw: 42.126953
pitch: 44.19982
name: flowers
