world: world
x: -2.036689663198122E7
y: 243.0
z: -1.2851703532751154E7
yaw: -88.153435
pitch: 4.539088
name: fly
