world: world
x: 3911.447133275158
y: 243.0
z: -3267.5208991639975
yaw: -179.88452
pitch: 1.6762908
name: fly2
