world: world_nether
x: -35.71436223488225
y: 67.0
z: -110.75598464864565
yaw: -270.89758
pitch: 0.7499669
name: fortress
