world: world
x: 3578.350077127216
y: 78.0
z: 3557.300000011921
yaw: 86.10002
pitch: 5.699979
name: freedom
