world: world
x: 3308.699999988079
y: 174.5
z: -3571.300000011921
yaw: 130.84668
pitch: 8.43436
name: freefall
