world: world
x: 3952.3920903224025
y: 70.0
z: 2600.6481667022035
yaw: -355.20148
pitch: 21.60006
name: FreeHouse
