world: world
x: 2882.4936074305933
y: 63.0
z: 71.4437584565444
yaw: -268.47818
pitch: 13.9721985
name: Free_temple
