world: world
x: -1260.7107268497705
y: 78.0
z: -4014.3160117891284
yaw: -220.26022
pitch: 3.7413092
name: free
