world: world
x: 632.2067750537083
y: 63.0
z: 257.49294929933694
yaw: 91.955444
pitch: 2.9999816
name: gardencenter
