world: world
x: -3349.685419901835
y: 70.0
z: -4432.362007322121
yaw: 270.67065
pitch: -3.1795645
name: general
