world: world
x: 873.5445768768001
y: 81.0
z: 1048.2660620641427
yaw: 84.750046
pitch: 33.000046
name: gerror
