world: world
x: -10177.557478438035
y: 70.48949264689416
z: -12212.779352868523
yaw: 87.49081
pitch: 35.932785
name: GIANTS
