world: world
x: -28979.276412320556
y: 66.0
z: -18553.69796481174
yaw: -274.2516
pitch: -19.089024
name: Giant_Project
