world: world
x: -15372.121524663018
y: 75.0
z: -13402.473527443706
yaw: 269.2994
pitch: 13.800004
name: gifts
