world: world
x: 510.60371020318365
y: 63.0
z: 466.46158905725497
yaw: 90.7887
pitch: 0.36340275
name: glasshouse
