world: world
x: -1965.4944646868269
y: 40.0
z: 17528.44259081975
yaw: 274.40042
pitch: 21.075638
name: glasstemple
