world: world
x: 3856.7903986652514
y: 89.0
z: 3300.059987221864
yaw: -36.634155
pitch: 7.365502
name: glassangel2
