world: world
x: 3785.5116103772143
y: 54.0
z: 2951.378333527972
yaw: 64.191376
pitch: 0.4500209
name: gmw
