world: world
x: -3254.9645739428024
y: 207.0
z: -1510.300000011921
yaw: 180.42546
pitch: -3.0373106
name: God
