world: world
x: 3702.6587357080098
y: 64.0
z: -2191.137995558404
yaw: -356.55136
pitch: 19.649809
name: gohere
