world: world
x: -310418.3000000119
y: 71.0
z: -625929.5171755757
yaw: 91.66148
pitch: 7.5796943
name: gold
