world: world
x: -37.47198914276222
y: 46.0
z: 508.16043292814874
yaw: -242.0126
pitch: 13.814308
name: GravelSea
