world: world
x: -12560.964074393116
y: 38.0
z: 5998.805767062269
yaw: 116.6944
pitch: 16.200106
name: gravel
