world: world
x: -1.78281905E7
y: 64.0
z: -8967394.5
yaw: 90.452515
pitch: 8.399948
name: grinder
