world: world
x: 503.5
y: 88.0
z: -187.5
yaw: -89.89985
pitch: 0.14995529
name: halloffame
