world: world
x: -792.5673143468957
y: 63.0
z: 2188.3400923428508
yaw: 90.04114
pitch: -1.1385413
name: Hangar
