world: world
x: -310318.83903908706
y: 66.0
z: -626200.0318988474
yaw: 326.2428
pitch: 46.785088
name: HardendClay
