world: world
x: -2059.282146264845
y: 97.99319874703164
z: -1059.017657042236
yaw: -89.814186
pitch: 8.899184
name: Helix
