world: world
x: 525.5
y: 66.0
z: 65.5
yaw: 359.71478
pitch: -2.2883468
name: help
