world: world
x: 533.6992216257042
y: 63.0
z: 668.465882029704
yaw: 271.1089
pitch: 33.60002
name: here
