world: world
x: -15240.377529070003
y: 72.0
z: -13181.118590306265
yaw: -81.82488
pitch: 17.251778
name: heromoon
