world: world
x: 1423.833888614583
y: 186.0
z: 1684.7781504380187
yaw: 197.78052
pitch: 14.863905
name: hhh
