world: world
x: 14869.5
y: 998.8620053851955
z: 9288.5
yaw: 320.91663
pitch: 90.0
name: ho
