world: world
x: 503.9001818347166
y: 88.0
z: -187.49171730588526
yaw: -89.89985
pitch: 0.14995529
name: hof
