world: world
x: 2782.547914662282
y: 63.0
z: -3302.855612474729
yaw: 202.752
pitch: 2.4575996
name: Holo
