world: world
x: 508.34418220443627
y: 72.0
z: -1084.3989458736562
yaw: 89.333206
pitch: 5.337144
name: home
