world: world
x: 1271.4081971988728
y: 78.0
z: -2532.914715901401
yaw: 71.15985
pitch: 27.596653
name: home6
