world: world
x: 711.2350276347662
y: 63.0
z: 275.9866390507882
yaw: -93.24986
pitch: 29.50003
name: house1
