world: world
x: 672.965736160991
y: 63.0
z: 294.04758647327105
yaw: 182.00006
pitch: 11.800039
name: house
