world: world
x: 517.5465901773323
y: 67.5
z: 625.5702909258491
yaw: 0.43859863
pitch: 3.1498926
name: hq
