world: world
x: -895.5
y: 90.0
z: -3840.5
yaw: 180.51091
pitch: 2.250002
name: hs
