world: world
x: 605.4427084335576
y: 63.0
z: 52.05220625060325
yaw: 0.6351863
pitch: 4.94967
name: hub2
