world: world
x: -1.4317592383132558E7
y: 89.0
z: -1.2605400544372011E7
yaw: 92.67505
pitch: 26.850006
name: hub3
