world: world
x: -9550.333133088066
y: 70.0
z: -11628.037668482888
yaw: 180.00104
pitch: 11.387225
name: Ice
