world: world
x: -7893.996257730816
y: 64.0
z: -5783.1789146046085
yaw: 29.825562
pitch: -16.95516
name: ice_spikes
