world: world
x: -9549.558052405624
y: 70.0
z: -11627.73845051943
yaw: 265.82245
pitch: 43.108532
name: iceland
