world: world
x: 14362.012868399506
y: 98.0
z: 7414.653927980794
yaw: -227.45299
pitch: -3.3888164
name: IceSpike
