world: world
x: -3232.769143496532
y: 142.0
z: 3621.4355011158054
yaw: 272.3333
pitch: 24.808727
name: if
