world: world
x: -310448.5220338897
y: 71.0
z: -625911.2008468192
yaw: 358.6441
pitch: 10.935103
name: iframe
