world: world
x: 14759.962936419084
y: 83.0
z: 9296.645175195103
yaw: 0.40368652
pitch: 0.91201043
name: Ikea
