world: world
x: 126919.04977992574
y: 66.0
z: 433067.902013446
yaw: 0.0061035156
pitch: 5.008419
name: ImaginaryAus_home
