world: world
x: -29548.23162488536
y: 63.0
z: -9039.178374699139
yaw: 5.4439025
pitch: -1.8772289
name: ImaginaryAus_builds
