world: world
x: 639.5821178059257
y: 62.5
z: 356.5642456362695
yaw: 90.22925
pitch: 3.3000233
name: imaginethat
