world: world
x: 3314.8960585331724
y: 63.0
z: -3519.63412577895
yaw: -87.8663
pitch: -3.8351438
name: ImaginaryAustest
