world: world
x: -5421.302587516276
y: 7.0
z: -7050.661389745176
yaw: 359.9519
pitch: -7.3343754
name: ImaginaryAus_test_build
