world: world
x: -29547.52834017151
y: 63.0
z: -9022.256147327857
yaw: 185.2826
pitch: -0.5631695
name: ImaginaryAuss
