world: world
x: 477.09372763689544
y: 88.0
z: -205.6385823107951
yaw: 90.40007
pitch: -3.6000082
name: info_server_donations
