world: world
x: -309777.4003530877
y: 120.0
z: -628343.4917321715
yaw: 273.1575
pitch: 9.1499605
name: infoshop
