world: world
x: 554.4125795697106
y: 66.0
z: 119.95576274334928
yaw: 270.39914
pitch: -16.350098
name: info_slimefun
