world: world
x: 477.4480073823697
y: 88.0
z: -219.43022642102122
yaw: 90.55008
pitch: -3.300009
name: info_topplayers
