world: world
x: 503.54131176572247
y: 88.0
z: -185.4284380465551
yaw: 342.84998
pitch: -4.0500083
name: info_mcmmo_leaderboard
