world: world
x: -310437.3845041237
y: 65.0
z: -625960.4091185192
yaw: 270.4441
pitch: 2.9851086
name: info_servershop
