world: world
x: 477.4480073823697
y: 88.0
z: -219.43022642102122
yaw: 270.55014
pitch: -1.9500082
name: info_topmembers
