world: world
x: 536.3828410961326
y: 66.0
z: 74.67840403059469
yaw: -1.1008998
pitch: -3.1500952
name: info_usefulwarps
