world: world
x: 554.3899069574356
y: 66.0
z: 99.06455809127945
yaw: 270.24908
pitch: -7.3500986
name: info_jobs
