world: world
x: 492.65502019113103
y: 88.0
z: -187.31140063083907
yaw: -89.59996
pitch: 4.9499917
name: info_jobs_centre
