world: world
x: 496.64701167293106
y: 66.0
z: 98.73218826308553
yaw: 88.14914
pitch: -9.900097
name: info_buyregion
