world: world
x: 496.3904351704889
y: 66.0
z: 141.02413789160985
yaw: 89.64908
pitch: -6.900097
name: info_chestshops
