world: world
x: 478.1625806050227
y: 88.0
z: -162.38358902268288
yaw: 269.80002
pitch: 3.5999928
name: info_jobs_top_players
