world: world
x: 477.09372763689544
y: 88.0
z: -205.6385823107951
yaw: 271.30008
pitch: 0.14999133
name: info_topvoters
