world: world
x: 474.99876882560386
y: 89.0
z: -187.50784063592667
yaw: 90.249916
pitch: 3.2999887
name: info_staff_positions
