world: world
x: 496.578813302502
y: 66.0
z: 77.99542275240626
yaw: 90.84912
pitch: -9.150098
name: info_economy
