world: world
x: 554.2083377606727
y: 66.0
z: 141.02556378504528
yaw: 269.3491
pitch: -13.3501
name: info_mcmmo
