world: world
x: 476.6584168713135
y: 88.0
z: -162.38095863327095
yaw: 90.250046
pitch: 1.6499921
name: info_jobs_global_top
