world: world
x: 496.59641149873175
y: 66.0
z: 119.96056797095159
yaw: 89.499115
pitch: -11.550097
name: info_landprotection
