world: world
x: 525.5267914124365
y: 66.0
z: 65.30000001192093
yaw: 359.9501
pitch: 0.29997444
name: info
