world: world
x: 553.4712566370356
y: 66.0
z: 78.02120950131643
yaw: 270.99908
pitch: -10.350098
name: info_jericraft
