world: world
x: -3034.991269129937
y: 80.0
z: -2333.096361295165
yaw: -180.14871
pitch: 0.14998755
name: italian
