world: world
x: -308.90979143366735
y: 69.0
z: -3487.458340956223
yaw: 175.78491
pitch: 6.899862
name: Jacko
