world: world
x: -6491.4360404160425
y: 70.0
z: 12035.182626067266
yaw: -144.89482
pitch: 14.850015
name: JackoTesting
