world: world
x: 358.70579191240756
y: 80.5
z: 143.2782101041972
yaw: 89.14923
pitch: 1.5000651
name: jail
