world: world
x: 2693.5
y: 85.0
z: -242.5
yaw: -282.51978
pitch: 4.977564
name: japanese
