world: world
x: -12270.541613240597
y: 41.0
z: 5944.561313137848
yaw: 250.86182
pitch: 41.850094
name: jayfeathers
