world: world
x: 488.0008766248518
y: 80.0
z: -1063.5598096843385
yaw: -270.04794
pitch: 19.812538
name: jazhome
