world: world
x: 435.30000001192093
y: 15.0
z: -1042.6088141748132
yaw: -45.370117
pitch: 42.450043
name: jazjazjazjazmine
