world: world
x: 404730.54732081335
y: 12.0
z: 849539.4866644352
yaw: 143.41441
pitch: 18.115135
name: jazlukie
