world: world
x: 473.4347920219558
y: 22.0
z: -1087.3039186512674
yaw: 0.6128235
pitch: 36.041367
name: jazmine
