world: world
x: 404790.75683358905
y: 13.0
z: 849382.5256876778
yaw: 308.51416
pitch: 13.931339
name: jazmin2
