world: world
x: 523.6396996779914
y: 80.0
z: -1099.3266817874194
yaw: -86.725
pitch: 23.077692
name: jazstorage
