world: world
x: 691.3743673032612
y: 63.0
z: -1074.793842262661
yaw: -322.95392
pitch: 85.30113
name: jazsand
