world: world
x: 842.7941863858993
y: 64.0
z: -935.7372225628555
yaw: -50.38257
pitch: 23.699984
name: jazsand2
