world: world
x: -484867.89675458334
y: 62.0
z: 574085.5632230435
yaw: 243.89084
pitch: 48.835197
name: jazsandcave
