world: world
x: 663.975545543008
y: 63.0
z: 234.48522587170459
yaw: 270.1543
pitch: 4.0498304
name: jazshop
