world: world
x: -468033.5383159979
y: 4.0
z: 636485.1773945818
yaw: -212.2044
pitch: -16.647066
name: jazspiders
