world: world
x: -484710.98713149497
y: 74.0
z: 574153.8569042318
yaw: -91.799675
pitch: 26.99999
name: jaztemple2
