world: world
x: -774.7059786144702
y: 62.373539975616445
z: 728.3437514316166
yaw: 69.10966
pitch: 43.135338
name: jaztemple
