world: world
x: 1668.812654536086
y: 63.0
z: -2584.3938533528503
yaw: 181.79005
pitch: 12.438325
name: JAZWOOD
