world: world
x: 460.54576020062484
y: 66.0
z: 586.2946659559384
yaw: 358.7024
pitch: 8.799859
name: jc_execution
