world: world
x: 289.64195894593826
y: 63.0
z: 538.491897176807
yaw: 89.7679
pitch: 11.045349
name: jc_house_example
