world: jc_parkour
x: 1002.5
y: 20.0
z: 931.5
yaw: 0.8999993
pitch: 4.7999988
name: jc_parkour
