world: world
x: 517.4811801682189
y: 62.5
z: 577.4317446698722
yaw: 0.2886716
pitch: 2.6998796
name: jericraft_hq
