world: world
x: 100.56238700215788
y: 112.0
z: 300.13141175064544
yaw: 154.80472
pitch: 16.800032
name: jessesbuilding
