world: world
x: -296.30000001192093
y: 11.0
z: -3504.479533352334
yaw: -272.72495
pitch: 28.199976
name: JMine
