world: world
x: 478.4881937144781
y: 88.0
z: -162.44379691250964
yaw: 269.34964
pitch: 1.0499475
name: jobs_topplayers
