world: world
x: 476.48762514541914
y: 88.0
z: -162.5232616207461
yaw: 88.44968
pitch: -6.300053
name: jobs_topglobal
