world: world
x: 553.870579519315
y: 66.0
z: 98.8132010042058
yaw: 269.05054
pitch: -20.850016
name: jobs
