world: world
x: 519.4160558280953
y: 88.0
z: -192.9504451855034
yaw: 181.01183
pitch: 5.549993
name: jobstut
