world: world
x: 493.05220772647766
y: 88.0
z: -187.52660567526695
yaw: 269.04938
pitch: 13.949943
name: jobsinfo
