world: world
x: 2046.1230803996932
y: 201.5
z: -9667.258954634079
yaw: 0.89624023
pitch: -1.2000315
name: jshop
