world: world
x: -15081.980979955832
y: 80.0
z: 10945.753379540018
yaw: 56.099976
pitch: 16.199991
name: jungle
