world: world
x: -6672.828170764386
y: 110.0
z: -2610.9334470064796
yaw: -33.660706
pitch: 51.80607
name: Jungel
