world: world
x: -3117.300000011921
y: 79.91246628412425
z: -1816.300000011921
yaw: -40.511623
pitch: 37.6255
name: Jungel2
