world: world
x: -12221.651058720705
y: 70.0
z: -11557.491065372886
yaw: 22.21228
pitch: 29.667269
name: junk
