world: world
x: 476777.65855242603
y: 94.0
z: 443215.3914682693
yaw: 269.9883
pitch: 1.7999752
name: KdcShip
