world: world
x: 633.5005572999597
y: 62.0
z: 568.6753220615117
yaw: 135.34662
pitch: -11.254854
name: kingstore
