world: world
x: -825.4088868404009
y: 64.0
z: 3842.781216290879
yaw: 136.0144
pitch: 0.64385444
name: king_-dugout
