world: world
x: -15106.670486880214
y: 65.0
z: -13128.863100250463
yaw: -154.31863
pitch: 34.690014
name: lady
