world: world
x: -15064.311139188583
y: 69.0
z: -13278.4393185125
yaw: -167.20018
pitch: 31.024204
name: ladymoon
