world: world
x: -880.4182857059376
y: 43.0
z: -4314.554471084485
yaw: -266.847
pitch: 5.400004
name: LargestLibrary
