world: world
x: 1869.9777502246109
y: 11.0
z: 915.9056994502719
yaw: 265.80005
pitch: 7.349998
name: lava
