world: world
x: 667.7278804081657
y: 74.9375
z: 939.3741969364014
yaw: 155.7363
pitch: 17.694265
name: lcvillage
