world: world
x: 3509.992046440976
y: 130.0
z: -1134.0023004602172
yaw: 91.94986
pitch: 20.849989
name: leapoffaith
