world: world
x: -14878.257178933105
y: 64.0
z: -12979.874001379336
yaw: 175.12427
pitch: 22.953289
name: level
