world: world
x: -1.431735593921097E7
y: 74.0
z: -1.2605280728250073E7
yaw: 56.14984
pitch: 2.2178888
name: lhub
