world: world
x: -14121.703064953637
y: 70.0
z: -30288.625702144396
yaw: 152.88376
pitch: 75.700905
name: light_house
