world: world
x: -14046.237970251483
y: 70.0
z: -30202.4622794177
yaw: 179.5141
pitch: -75.10206
name: Light_house1
