world: world
x: 18648.498371229623
y: 64.0
z: 12536.813073480114
yaw: 181.86636
pitch: 7.2952785
name: list
