world: world
x: 578.5841036623292
y: 64.0
z: 24222.866624854076
yaw: 57.22879
pitch: 34.244003
name: LL
