world: world
x: 874.842800251034
y: 71.0625
z: -3690.3318273562236
yaw: -231.28194
pitch: -1.3500178
name: llUNICORNll
