world: world
x: -3059.0086608755146
y: 67.0
z: 3468.3863099654304
yaw: 98.3027
pitch: 10.936021
name: lockie
