world: world
x: -3245.300000011921
y: 39.0
z: -2079.300000011921
yaw: 314.83417
pitch: 3.4088936
name: lookout
