world: world
x: -637.245366595631
y: 65.0
z: 2068.9711838944545
yaw: 89.73352
pitch: -3.3697588
name: LShop
