world: world
x: -973.8646438987827
y: 81.0
z: 2111.1893199089095
yaw: 91.188576
pitch: 34.46455
name: LucasBuild
