world: world
x: -634.0389474445051
y: 66.0
z: 2038.4611972452283
yaw: -1.845088
pitch: 40.576233
name: lucasfarm
