world: world
x: -686.2655336017747
y: 70.0
z: 2051.0198838863666
yaw: 90.226654
pitch: 4.9731483
name: lucasxp
