world: world
x: 2325.7687757168237
y: 98.0
z: 1905.3683859675214
yaw: 97.42993
pitch: 1.2033178
name: lucas2
