world: world
x: -599.5021286957199
y: 65.0
z: 2041.0736170016828
yaw: 90.28046
pitch: -2.5513191
name: Lucas
