world: world
x: 1141.8008114016077
y: 95.0
z: -438.8255616302605
yaw: -185.06416
pitch: 11.099669
name: lukieshop
