world: world
x: 404794.6810923693
y: 13.0
z: 849383.0891021842
yaw: -89.96947
pitch: 2.2355783
name: lukiemine
