world: world
x: -484710.6999999881
y: 65.0
z: 574152.2793056654
yaw: -32.3992
pitch: 30.599846
name: lukiesdtemple
