world: world
x: 713.2812171897003
y: 64.0
z: 262.7452979971714
yaw: 8.914703
pitch: 43.0675
name: lukiehouse
