world: world
x: 4011.852201499945
y: 105.44038759003365
z: 3063.6211808215676
yaw: -267.0702
pitch: 14.999991
name: m
