world: world
x: -995.1965291114947
y: 64.0625
z: -1317.500045100678
yaw: 90.13518
pitch: 1.7999964
name: ma1
