world: world
x: -1154.5
y: 64.0
z: -1317.5
yaw: 90.60358
pitch: 4.050032
name: ma3
