world: world
x: -1283.5
y: 64.0
z: -1317.5
yaw: 90.898834
pitch: 3.6000051
name: ma5
