world: world
x: -7021.356868802927
y: 75.0
z: 33246.94683170258
yaw: 313.8001
pitch: 41.550007
name: macacia
