world: world
x: 238759.36259297407
y: 66.0
z: -701100.8215420062
yaw: 179.2236
pitch: 5.2716303
name: mansion
