world: world
x: 712.5056959037855
y: 62.0
z: 574.4212577874209
yaw: 180.06262
pitch: 1.4999211
name: market
