world: world
x: 340.46574829778575
y: 63.0
z: 359.4560798464555
yaw: 358.19995
pitch: 6.7500186
name: maxshop
