world: world
x: -3747.5019473223465
y: 61.0
z: -1856.5096068592713
yaw: -350.4419
pitch: -2.4736245
name: member
