world: world
x: 10013.66402255194
y: 86.0
z: -5037.270316415815
yaw: -43.500145
pitch: 17.100004
name: mesa
