world: world
x: 707.9179661044603
y: 64.0
z: -688.3535508976292
yaw: 128.97845
pitch: -1.2000027
name: mfarm
