world: MiniGames
x: 20.5
y: 20.0
z: -924.5
yaw: 90.14999
pitch: 2.849979
name: mg
