world: world
x: -1772.1710136082975
y: 84.0
z: -2633.148693087064
yaw: -294.01028
pitch: 40.950027
name: mh
