world: world
x: 2286.771036768132
y: 70.0
z: 3843.8468499464284
yaw: -61.612797
pitch: 3.8795822
name: mincsugar
