world: world
x: -26185.397634942547
y: 78.0
z: 8185.522435605265
yaw: -8.21167
pitch: -6.709094
name: mincqsurvival
