world: world
x: -3302.0052818196405
y: 70.0
z: -4313.0355769968555
yaw: 359.63
pitch: -2.3951788
name: mincq
