world: world
x: 2678.5
y: 92.0
z: -258.5
yaw: 36.796833
pitch: 5.3537216
name: mincrest
