world: world
x: 1488.252333266605
y: 85.0
z: -3925.3715021137045
yaw: -105.314095
pitch: -15.023012
name: minchang
