world: world
x: 5053.299278312998
y: 42.0
z: -2048.309580907372
yaw: 2.1164937
pitch: 6.090947
name: mineshaft
