world: world
x: -747.5167831619772
y: 6.0
z: 3738.5205229684957
yaw: -179.43616
pitch: -4.524095
name: mine
