world: world
x: 315.7004653930796
y: 77.0
z: -13.586618725029858
yaw: 178.89972
pitch: 13.49997
name: minigame1
