world: MiniGames
x: 20.299676696523704
y: 20.0
z: -924.9568444150466
yaw: 90.14999
pitch: 2.849979
name: minigames
