world: world
x: 2788.0187305496047
y: 69.04809917066797
z: -1106.3144408162614
yaw: 0.7425537
pitch: 19.349997
name: minigame
