world: world
x: 596.5429187582561
y: 62.5
z: 390.5505089570771
yaw: 177.84874
pitch: 24.343449
name: mintjazhouse
