world: world
x: -822243.9146692357
y: 68.0
z: -862330.6313338856
yaw: -298.8765
pitch: 38.39999
name: mintwood
