world: world
x: -468165.69186524686
y: 8.0
z: 636529.4498726001
yaw: -73.36426
pitch: 7.427859
name: minte
