world: world
x: -825635.6999999881
y: 13.0
z: -536931.3397431456
yaw: -79.537415
pitch: 29.788818
name: mintmine
