world: world
x: -310602.6565991109
y: 74.0
z: -629563.1072501078
yaw: 90.7574
pitch: 16.200014
name: mintvillage
