world: world
x: 407.0225796929742
y: 72.0
z: -1124.3443272950954
yaw: -89.32071
pitch: 21.220032
name: minttown
