world: world
x: 526.7940933332092
y: 66.0
z: 107.05867291731838
yaw: 270.10013
pitch: 1.6499758
name: misc
