world: world
x: 7874.098984612184
y: 79.0
z: 13749.954975586084
yaw: -140.5564
pitch: 9.649692
name: mmesa
