world: world
x: -1234.294005594457
y: 64.0625
z: -1317.4842942165503
yaw: 90.1535
pitch: 6.900009
name: mobarena4
