world: world
x: -1283.0188074348694
y: 64.0625
z: -1317.385744059796
yaw: 90.898834
pitch: 3.6000051
name: mobarena5
