world: world
x: -994.638021537522
y: 64.0625
z: -1317.5367457897364
yaw: 90.13518
pitch: 1.7999964
name: mobarena1
