world: world
x: -1074.320571166587
y: 64.0625
z: -1317.5261946609785
yaw: 90.0036
pitch: 0.60003525
name: mobarena2
