world: world
x: -1154.7655278767916
y: 64.0625
z: -1317.4973952437063
yaw: 90.60358
pitch: 4.050032
name: mobarena3
