world: world
x: 665.7532962450231
y: 63.0
z: 113.59982605696997
yaw: 272.91
pitch: -2.8728096
name: modernglass
