world: world
x: 656.8544712120715
y: 62.5
z: 275.47800100959466
yaw: 272.08868
pitch: 7.3500295
name: modern4
