world: world
x: 3973.8317285012945
y: 63.0
z: 21908.861912628763
yaw: 90.58246
pitch: 15.256856
name: money
