world: world
x: 3997.381526822304
y: 102.0
z: 3048.460691890369
yaw: -63.273903
pitch: 19.823332
name: moo
