world: world
x: -15242.204634361397
y: 72.0
z: -13193.205366557062
yaw: -35.284634
pitch: 4.0967765
name: moon
