world: world
x: 4416.974050598188
y: 66.0
z: 2294.167370444737
yaw: -281.02142
pitch: 10.04993
name: mooseisland
