world: world
x: 4552.557891074051
y: 64.0
z: 2054.4900958251646
yaw: -170.02197
pitch: 10.800031
name: mooseisland2
