world: world
x: 3717.7603974659037
y: 71.0
z: 3133.4267005193487
yaw: 0.38354492
pitch: 6.5845394
name: moosecity
