world: world
x: 315.5000563751091
y: 77.0
z: -14.546896230307944
yaw: 178.12811
pitch: 19.349981
name: mountainminigame
