world: world
x: 5782.319509987303
y: 63.0
z: -1903.179602905815
yaw: 178.20003
pitch: 22.200005
name: mrt
