world: world
x: -2079.343182890359
y: 63.0
z: -1199.300000011921
yaw: -172.86887
pitch: 4.9413757
name: myhouse
