world: world
x: 14653.390134575078
y: 84.87346407827842
z: -16115.146348373482
yaw: 87.56793
pitch: 41.110683
name: nelson1
