world: world
x: 14104.554582650779
y: 63.0
z: -15393.545190136649
yaw: 168.83722
pitch: 54.150005
name: nelsongolem
