world: world_nether
x: 35.135561696542986
y: 60.0
z: 23.870477804365652
yaw: -78.80011
pitch: 8.250009
name: nether
