world: world
x: 2.4856131960811093E7
y: 64.0
z: -1.0188391257027755E7
yaw: 269.79092
pitch: 0.7518162
name: newarmory
