world: world
x: 477.3496574469039
y: 88.0
z: -219.67757070953664
yaw: 269.7992
pitch: 1.1999466
name: newestmembers
