world: world
x: -2036.8934164754628
y: 114.0
z: -1144.1163191403054
yaw: -95.602295
pitch: 18.698349
name: NorthEndPvp
