world: world
x: 1104.5633634679104
y: 66.0
z: -627.8025579732916
yaw: 267.64648
pitch: 14.428771
name: NowinskysHome
