world: world
x: 660.1741547745934
y: 64.0
z: -222.5076320729528
yaw: 269.35016
pitch: 6.7499857
name: npc_tuts
