world: world
x: -7976.742827347951
y: 69.0
z: -13543.163725400856
yaw: 38.73059
pitch: 29.866537
name: o
