world: world
x: 515.9753674425881
y: 64.0
z: -2051.553344522792
yaw: -81.24292
pitch: 27.300016
name: ocean
