world: world
x: -310437.5
y: 63.0
z: -625985.5
yaw: 269.54413
pitch: 10.93512
name: old_shop
