world: world
x: 477.5118751480545
y: 124.0
z: -137.69999998807907
yaw: 0.7000635
pitch: 8.700003
name: oldshop
