world: world
x: 2397.7028209206946
y: 81.0
z: -4584.468373237115
yaw: -246.05823
pitch: 17.550095
name: OneRandomPlace
