world: world
x: -18662.71570700002
y: 11.0
z: -19922.084146795125
yaw: -237.90167
pitch: 22.799969
name: ores
