world: world
x: -169.26770377863875
y: 73.0
z: -120.40154034673091
yaw: 127.34999
pitch: 15.000002
name: originalspawn
