world: world
x: -204.33418431221466
y: 64.0
z: -124.1802409642603
yaw: 146.84999
pitch: 2.8499863
name: original_spawn_location
