world: world
x: -15318.300000011921
y: 18.0
z: -13176.078257676645
yaw: 21.853516
pitch: 23.862503
name: out
