world: world
x: -12406.853206475398
y: 74.5
z: 17000.47120331735
yaw: -185.60692
pitch: 57.13625
name: ovahere
