world: world
x: -13470.098306725722
y: 70.0
z: -17657.07675969327
yaw: 3.3754883
pitch: 10.908098
name: ozzyville
