world: flat
x: 712.5260306275969
y: 6.0
z: -537.4176383271814
yaw: 0.5999756
pitch: 2.7001545
name: p
