world: world
x: 3743.631684978848
y: 74.0
z: -2275.211103942921
yaw: 1.4985046
pitch: 6.8998065
name: p1
