world: flat
x: 719.3018298425841
y: 6.0
z: -537.3320567384923
yaw: 40.800232
pitch: 5.850173
name: p2
