world: flat
x: 705.6208176331812
y: 6.0
z: -537.4311069324884
yaw: 318.75043
pitch: 7.6501803
name: p3
