world: world
x: -1616.5
y: 70.0
z: -1050.5
yaw: 288.48096
pitch: 3.6000004
name: p_reset
