world: world
x: -14785.5
y: 131.0
z: -8309.5
yaw: -165.62329
pitch: 38.49987
name: packedice
