world: world
x: -478.24098716251393
y: 87.0
z: 1724.0120182409453
yaw: 88.78464
pitch: -1.3500149
name: paintings
