world: world
x: 663.3698678672079
y: 63.0
z: -27.660380148486208
yaw: 270.70013
pitch: 5.6999774
name: park
