world: world
x: -1610.3709282040077
y: 77.0
z: -1043.4805513006315
yaw: 89.880066
pitch: 17.099993
name: parkour2_medium
