world: world
x: -1609.7060976783132
y: 71.0
z: -1043.5426162985166
yaw: 90.02998
pitch: 10.199992
name: parkour2_easy
