world: world
x: -1613.540557117942
y: 69.0
z: -1048.8649015589906
yaw: 180.03139
pitch: 5.2499924
name: parkour2
