world: world
x: 29810.532013568543
y: 110.0
z: -11782.45710398433
yaw: -87.68896
pitch: 27.0
name: parkour_ba
