world: world
x: -1616.2736810234605
y: 69.5
z: -1051.699999988079
yaw: 314.79437
pitch: -5.450525
name: parkour
