world: world
x: -1610.3373867294715
y: 83.0
z: -1043.4011453633282
yaw: 91.83014
pitch: 14.099992
name: parkour2_hard
