world: world
x: -1176.0833399105568
y: 98.0
z: -1730.0771797306882
yaw: -1.409729
pitch: 8.549991
name: party
