world: world
x: 701.9871758681896
y: 65.0
z: -122.55199915427713
yaw: -89.44945
pitch: 1.3500017
name: petshop
