world: world
x: -26185.76249998808
y: 78.0
z: 8192.699999988083
yaw: -140.29431
pitch: -17.06238
name: picminc
