world: world
x: -827.9873826074228
y: 63.0
z: 2276.10810781481
yaw: -89.04645
pitch: 18.177456
name: pit
