world: world
x: -9530.759995778704
y: 72.0
z: -11820.949185784952
yaw: -182.41537
pitch: 2.7551727
name: Pixelarts
