world: world
x: 668.4888094932942
y: 63.0
z: -27.47629267955948
yaw: 269.34967
pitch: 4.0500336
name: playground
