world: world
x: 525.4978578458031
y: 66.0
z: 55.5552319898494
yaw: 0.6999672
pitch: 3.2999737
name: pmarket
