world: world
x: 14428.501536557651
y: 77.0
z: 8831.358987908512
yaw: 179.9577
pitch: 9.599981
name: podium
