world: world
x: 449.42235525829153
y: 88.0
z: -187.45741416258198
yaw: 89.55056
pitch: -5.4
name: portal
