world: world
x: 448.1235354097706
y: 88.0
z: -187.50214978193253
yaw: 89.85055
pitch: 4.6499996
name: portals
