world: world
x: 473.6684290386858
y: 89.0
z: -187.52303178515285
yaw: 89.68122
pitch: -12.51321
name: positions
