world: world
x: 672.3683271251579
y: 64.0
z: -175.50360467140834
yaw: 268.75006
pitch: 7.0499835
name: postshop
