world: world
x: 664.4256720507242
y: 64.0
z: -179.59103284080632
yaw: 272.71658
pitch: 6.0000067
name: postoffice
