world: world
x: 412774.4819759369
y: 67.0
z: 272411.45705835667
yaw: 88.90053
pitch: -2.4000306
name: prison
