world: world
x: 1910.999754434647
y: 121.0
z: 1287.8210930873674
yaw: -267.08
pitch: 7.6484456
name: project
