world: world
x: -703999.5839808927
y: 82.0
z: 445997.4443517774
yaw: -0.10100518
pitch: 2.5029912
name: pvp
