world: world
x: -703999.5541565211
y: 96.0
z: 446013.491682341
yaw: 180.6485
pitch: 17.053005
name: pvp_spec
