world: world
x: 781.7678566196796
y: 69.0
z: -442.9757079536466
yaw: -39.900257
pitch: 10.499989
name: pvparchery
