world: world
x: -704039.7106800704
y: 72.0
z: 445957.20915761485
yaw: 309.73047
pitch: 10.800001
name: pvpblue
