world: world
x: -703959.6033732655
y: 72.0
z: 446037.4351557947
yaw: 134.83044
pitch: 5.7000084
name: pvpgreen
