world: world
x: 657.304673448588
y: 65.0
z: 442.53551366932635
yaw: 271.7766
pitch: 1.200098
name: pvpmain
