world: world
x: -704039.2972654088
y: 72.0
z: 446037.225830997
yaw: 225.5805
pitch: 12.600015
name: pvpred
