world: world
x: -703959.3065161761
y: 72.0
z: 445957.43629608926
yaw: 51.880493
pitch: 8.100003
name: pvpyellow
