world: world_1_10
x: 1302.5
y: 72.0
z: 116.5
yaw: 61.199997
pitch: 3.5999866
name: pw
