world: world
x: 24638.39205744158
y: 70.0
z: 9391.442146963998
yaw: 143.70001
pitch: 13.949985
name: pw2
