world: world
x: -2626.699999988079
y: 80.0
z: 3813.300000011921
yaw: -5.9746094
pitch: 54.364788
name: Pyramid3
