world: world
x: -2626.5310088879337
y: 119.0
z: 3813.440363246974
yaw: -6.5874023
pitch: 52.521564
name: Pyramid1
