world: world
x: -2626.300000011921
y: 99.0
z: 3815.376178359018
yaw: -182.88574
pitch: 62.966373
name: Pyramid2
