world: world
x: 605.5122485711362
y: 66.0
z: 99.09509983734137
yaw: 0.0043589086
pitch: 10.499985
name: questhq
