world: world
x: 372.0728775601972
y: 108.0
z: -187.39842471976098
yaw: 90.24939
pitch: 4.9500074
name: questhub2
