world: world
x: -8169.510941776842
y: 73.0
z: -13651.411769086973
yaw: -0.6161804
pitch: -1.9499989
name: r
