world: world
x: -2303.2346383300815
y: 64.0
z: 3780.658185818763
yaw: 121.06299
pitch: -5.249897
name: rainbow_house
