world: world
x: 524.2265177790778
y: 66.0
z: 107.05339423522935
yaw: 90.4002
pitch: 0.14996937
name: ranks
