world: world
x: 15091.03511906681
y: 68.0
z: -1303.0212501006642
yaw: -165.86453
pitch: 35.84176
name: Raven2
