world: world
x: 1103.300000011921
y: 86.0
z: 958.6999999880791
yaw: -145.77051
pitch: 28.499819
name: raven3
