world: world
x: 14480.699999988079
y: 58.0
z: 1107.699999988079
yaw: -222.39844
pitch: 24.032036
name: ravine_town
