world: world
x: 477.35491217294174
y: 88.0
z: -205.36264055396538
yaw: 90.39911
pitch: 2.6999407
name: recentdonations
