world: world
x: -3343.613454493741
y: 69.0
z: -4445.545209224168
yaw: 232.95618
pitch: 3.8011076
name: redstone
