world: world
x: 6781.560518372903
y: 84.0
z: 13280.985750654294
yaw: 179.55481
pitch: 13.949978
name: rgtraining
