world: world
x: 11026.088414140948
y: 67.0
z: 9702.368314666342
yaw: 268.73132
pitch: -16.15198
name: Roman_Castle
