world: world
x: -726125.6062829309
y: 63.0
z: -871218.5392009392
yaw: -267.99
pitch: 10.4397955
name: rosiesden
