world: world
x: 480.3123690424693
y: 89.0
z: -187.37918895207133
yaw: -90.80008
pitch: -11.100011
name: rules
