world: world
x: 525.5346839400172
y: 66.0
z: 143.16248534899074
yaw: 0.100128174
pitch: 4.199978
name: runeinfo
