world: world
x: 773.6027365521699
y: 64.0
z: -109.48756648010686
yaw: -89.92528
pitch: 8.249959
name: runesuggestions
