world: world
x: 791.9875427997451
y: 65.0
z: -109.54241663578283
yaw: 269.9147
pitch: 2.1000013
name: runeshop
