world: world
x: -643.5344629779883
y: 71.0
z: 2199.4101817558912
yaw: 179.40297
pitch: 5.6973915
name: SafeZone
