world: world
x: 497.9480563470549
y: 78.0
z: -1407.7702809894774
yaw: -208.04765
pitch: 16.765179
name: sandjaz
