world: world
x: -8085.8362186228715
y: 71.0
z: 15269.307197396241
yaw: -22.950012
pitch: 28.650007
name: sand
