world: world
x: -937.6999999880791
y: 97.0
z: 7852.09345858125
yaw: 266.65884
pitch: 6.000005
name: scaryafk
