world: world
x: -2131.6059345968406
y: 74.0
z: -1431.891845936959
yaw: -268.0531
pitch: 5.400052
name: school
