world: world
x: -6130.532622482368
y: 72.0
z: 6073.117412975971
yaw: -176.56367
pitch: 5.249998
name: scorpiogamer26
