world: world
x: -310127.3017795313
y: 65.0
z: -625584.7751806531
yaw: -124.90721
pitch: 60.841976
name: sea
