world: world
x: -2.0365535699999988E7
y: 52.76134988300863
z: -1.2851513410829064E7
yaw: -276.23773
pitch: 23.030373
name: SeaTemple
