world: world
x: 9999.989148483033
y: 252.0
z: 12687.945931140666
yaw: -182.40013
pitch: 8.899221
name: seki
