world: world
x: 701.3940466455101
y: 64.0
z: -681.1654940855533
yaw: 203.25916
pitch: 6.9616523
name: serverfarm
