world: world
x: 478.5485692457988
y: 88.0
z: -120.59381868749621
yaw: 271.59955
pitch: -4.949915
name: setwarp
