world: world
x: 480.07374102761895
y: 88.0
z: -120.57937000864379
yaw: 271.00046
pitch: -12.9
name: setwarpinfo
