world: world
x: 822.7230285265059
y: 62.5
z: 442.4942388476047
yaw: 270.90125
pitch: 2.3999
name: sfdrinks
