world: world
x: 16408.160115290346
y: 40.0
z: -18263.702234550386
yaw: 359.24347
pitch: -1.265787
name: sfmachines
