world: world
x: 16408.095669645732
y: 40.0
z: -18262.571110452536
yaw: 0.10712287
pitch: 2.2298348
name: sfmachine
