world: world
x: -3632.330184292901
y: 101.0
z: -4062.5796910806457
yaw: -89.868195
pitch: -8.669944
name: sfs
