world: world
x: -3789.3723558901906
y: 64.0
z: -2104.9027674135164
yaw: -50.99966
pitch: 4.0500603
name: Shadow2115
