world: world
x: 788.8154417155529
y: 68.0
z: -493.575182971085
yaw: 89.8003
pitch: 4.966583
name: shearshed
