world: world
x: 488.5586947070812
y: 72.0
z: 3063.2380429774375
yaw: -75.75124
pitch: 32.699997
name: shenbuild
