world: world
x: -6471.434745094278
y: 39.0
z: 1613.4732858245575
yaw: -359.5093
pitch: -3.1011257
name: shentemple
