world: world
x: 551.3450693322337
y: 64.0
z: 2274.9488348482196
yaw: -122.55049
pitch: -5.849892
name: shenbuilder
