world: rms
x: 1048.9016759651684
y: 183.44058554796933
z: -466.35487603674085
yaw: -157.50385
pitch: 38.48554
name: ship
