world: world
x: -310438.476117569
y: 65.0
z: -625959.4970526434
yaw: 0.74609375
pitch: 7.0499454
name: shoplevel1
