world: world
x: -310438.5935597206
y: 71.0
z: -625935.8490650126
yaw: 0.29589844
pitch: 11.099943
name: shoplevel2
