world: world
x: -310438.5189572443
y: 65.0
z: -625971.6999999881
yaw: 359.99402
pitch: 2.535105
name: shop
