world: world
x: -310438.45921793074
y: 82.0
z: -625966.5785890719
yaw: 0.2962036
pitch: 7.3499575
name: shoplevel4
