world: world
x: -310438.54290455475
y: 77.0
z: -625927.5395277695
yaw: 180.14595
pitch: 14.2499485
name: shoplevel3
