world: world
x: 396.0853119638467
y: 73.0
z: -3844.4752081892175
yaw: -270.3939
pitch: -0.45001417
name: show
