world: world
x: -14989.199745432406
y: 71.0
z: -13185.242107624055
yaw: -83.60621
pitch: 21.328669
name: sky_city
