world: world
x: 2256.7660595275597
y: 246.0
z: 2936.396914398571
yaw: -163.05145
pitch: 2.6999187
name: skypvp
