world: world
x: -692.8456668882035
y: 62.0
z: -3380.309444310642
yaw: 146.85074
pitch: 43.650036
name: slimefunhelp
