world: world
x: -7349.484244603869
y: 65.0
z: -5244.5218275786365
yaw: 90.08933
pitch: 3.5999417
name: slimefun_info
