world: world
x: 552.6405607659303
y: 66.0
z: 119.68898008224676
yaw: 271.2237
pitch: -14.699996
name: SlimeFun
