world: world
x: 2337.0
y: 172.4435004332532
z: 5344.0
yaw: -39.295425
pitch: 24.236134
name: snoweh
