world: world
x: 477.5
y: 89.0
z: -187.5
yaw: 270.54996
pitch: -1.0500194
name: spawn
