world: world
x: 537.0034527593074
y: 62.0
z: 259.45141306911717
yaw: -89.26506
pitch: 26.480167
name: spawn1
