world: world
x: 654.6459796373084
y: 135.0
z: 43.728304150922085
yaw: 142.01073
pitch: 24.149979
name: spawn_corner2
