world: world
x: 374.8964717274641
y: 65.0
z: 394.5848216920779
yaw: 90.60913
pitch: 16.199984
name: spawn2
