world: world
x: 11430.568542520126
y: 47.0
z: -14694.741285281165
yaw: -190.95012
pitch: 11.550004
name: spawner
