world: world
x: 311.325067016893
y: 102.0
z: -338.79036607694627
yaw: -36.47695
pitch: 25.04999
name: spawn_corner1
