world: world
x: -1876.360910142684
y: 106.50719089012026
z: 2165.9177518554957
yaw: -82.625275
pitch: 11.971177
name: Sphere
