world: world
x: -8140.504583651018
y: 70.0
z: 15268.446157445529
yaw: 171.39624
pitch: 3.358051
name: sphinx
