world: world
x: 2883.5271067538683
y: 87.0
z: -2241.5463184821356
yaw: -124.27319
pitch: 5.8499546
name: spikes
