world: world
x: 2737.6632867611133
y: 63.0
z: 2005.848927580297
yaw: -169.7184
pitch: 20.099894
name: spruce
