world: world
x: 525.5
y: 65.5
z: 42.5
yaw: 179.79419
pitch: 10.800091
name: sr
