world: world
x: 299.9716779852132
y: 112.0
z: 108.44743977345102
yaw: 91.10022
pitch: 4.800004
name: ss
