world: world
x: -3256.5358782702438
y: 212.0
z: -1544.4157485732885
yaw: -145.61993
pitch: 2.0754473
name: staffchillroom
