world: world
x: 477.38662499093505
y: 89.0
z: -191.57355663235919
yaw: 180.24963
pitch: 2.099992
name: staff
