world: world
x: 525.647455056555
y: 65.5
z: 42.73724784376424
yaw: 179.79419
pitch: 10.800091
name: staffroom
