world: world
x: -214.6141120298689
y: 58.0
z: -3624.924982105286
yaw: -97.800606
pitch: 15.450004
name: Storage
