world: world
x: 455.9959837113252
y: 88.0
z: -187.4955597951514
yaw: 89.27319
pitch: 7.4999733
name: suggestions
