world: world
x: 455.5
y: 88.0
z: -187.5
yaw: 89.27319
pitch: 7.4999733
name: suggestion
