world: world
x: -15107.232357141278
y: 76.0
z: -12964.208538922621
yaw: -48.14742
pitch: 27.187109
name: sun
