world: world
x: -11125.55220401376
y: 65.0
z: -11935.098903058612
yaw: 184.35071
pitch: 22.419256
name: sun1
