world: world
x: -310439.88827455573
y: 64.0
z: -627013.8805409636
yaw: 263.75293
pitch: 19.625963
name: sun2
