world: world
x: -6077.477912467819
y: 75.0
z: -13501.360669612617
yaw: 103.25366
pitch: 39.93925
name: sun3
