world: world
x: 315.38686976193844
y: 77.0
z: -14.651861366507635
yaw: -178.09563
pitch: 22.336039
name: survivalminigame1
