world: world
x: -2353.390576352812
y: 71.0
z: 2477.2920658595594
yaw: -229.50015
pitch: 21.600006
name: t
