world: world
x: -3894.5
y: 81.36938855736308
z: -11751.5
yaw: -84.45042
pitch: 12.271936
name: tempalien
