world: world
x: -475860.57559531566
y: 95.0
z: -341023.5064492861
yaw: -80.70105
pitch: 79.8
name: temp1
