world: world
x: -6474.72439657554
y: 69.22400271489452
z: 1639.0673701052472
yaw: 37.099293
pitch: 54.077312
name: temple
