world: world
x: -475385.4340885788
y: 69.0
z: -340566.6077541081
yaw: -37.350098
pitch: 68.70004
name: temp2
