world: world
x: 1296.2665673171048
y: 70.0
z: -703.1624191681551
yaw: -238.21646
pitch: 7.8070774
name: temp
