world: world
x: -1259.5641218880714
y: 66.0
z: 707.6212293709123
yaw: -295.52643
pitch: 25.190407
name: Testingarea
