world: world
x: -897906.8663775171
y: 69.0
z: -746485.9971619395
yaw: 7.199951
pitch: 15.149996
name: test1
