world: world
x: 412939.47234221577
y: 81.0
z: 272531.8592172856
yaw: 179.94849
pitch: -1.799933
name: theatre
