world: world
x: 3159.4687600736497
y: 64.0
z: 1677.179346791135
yaw: 359.38916
pitch: -3.4500332
name: thebench
