world: world
x: 14281.558429626037
y: 67.0
z: 902.9942368173282
yaw: 89.48004
pitch: -9.019282
name: Theme_Park
