world: world
x: 534.2032406774292
y: 67.0
z: 5.726487017289009
yaw: 181.44414
pitch: -4.7999134
name: todolist
