world: world
x: 477.3496574469039
y: 88.0
z: -219.67757070953664
yaw: 88.89917
pitch: 3.8999465
name: topplayers
