world: world
x: 477.42892552967
y: 88.0
z: -205.55545057133978
yaw: 271.29922
pitch: 0.89994746
name: topvoters
