world: world
x: 14265.392990799743
y: 73.0
z: -24024.263560949086
yaw: -66.46301
pitch: -37.533615
name: totempole
