world: world
x: 3443.6936070131464
y: 63.0
z: -10255.010805783484
yaw: 92.77446
pitch: 20.889574
name: Tremolite
