world: world
x: 591.3312077891012
y: 67.0
z: -380.92753126756315
yaw: 179.86194
pitch: 7.390232
name: tutorials
