world: world
x: 3941.4662566011693
y: 92.0
z: 3056.7046574676083
yaw: 359.8462
pitch: 13.974075
name: ucpreview
