world: world
x: 3941.47464103721
y: 92.0
z: 3061.1636307932145
yaw: 178.49538
pitch: 14.724037
name: uctut
