world: world
x: -15479.691074108054
y: 72.0
z: -13102.903531045316
yaw: -99.917206
pitch: 24.617575
name: underground
