world: world
x: -2705.6201670211362
y: 68.0
z: -5228.037135067831
yaw: 181.80046
pitch: 7.499987
name: unexplored_chunk1
