world: world
x: 373.9121957514248
y: 80.5
z: 138.74135128704938
yaw: 272.95087
pitch: 11.849983
name: unprotected
