world: world
x: -491.13530181182824
y: 64.0
z: -5337.285637962791
yaw: -89.31955
pitch: 2.755227
name: ValleyofWheat
