world: world
x: -15327.786662946992
y: 174.0
z: -13200.470032054473
yaw: 310.15845
pitch: 8.708681
name: vampshop
