world: world
x: 620.8805617927258
y: 64.0
z: -40.97649047670201
yaw: 90.16697
pitch: 1.9500034
name: vault
