world: world
x: 425.3157036901352
y: 81.54938265813712
z: 391.3838751652037
yaw: -222.75055
pitch: 27.899967
name: view1
