world: world
x: 817.3410979993483
y: 93.0
z: -532.6032529689662
yaw: 0.17242432
pitch: 3.1151361
name: view2
