world: world
x: 10673.5
y: 111.0
z: -5256.5
yaw: 147.44394
pitch: 27.449957
name: viking_village
