world: world
x: 4398.563601157937
y: 67.0
z: -1843.4536893404497
yaw: 280.25757
pitch: -1.3500103
name: viking_house
