world: world
x: 1282.7314304780261
y: 73.0
z: 1820.622869191777
yaw: -30.402832
pitch: 3.5718079
name: village
