world: world
x: 610.744026561842
y: 128.0
z: 928.2385211598325
yaw: 240.50098
pitch: 52.56531
name: volcano
