world: world
x: -3301.7189120623652
y: 69.0
z: -4267.796418511821
yaw: -176.00659
pitch: 0.8205884
name: w
