world: world
x: 444.95556416758126
y: 88.0
z: -187.45501970417075
yaw: 90.0998
pitch: 1.800035
name: warps
