world: world
x: -2111.9022699516995
y: 66.0
z: -1943.684849766636
yaw: -180.16833
pitch: -2.8498397
name: warpwall
