world: world
x: -310171.6320819816
y: 40.0
z: -625992.1698928962
yaw: 344.23535
pitch: 27.578129
name: water2
