world: world
x: -310102.87517240865
y: 21.0
z: -625610.3093804077
yaw: 195.3846
pitch: 17.596823
name: watercat
