world: world
x: -309051.53222181473
y: 59.0
z: -625924.2852086909
yaw: 109.16763
pitch: 59.30216
name: water
