world: world
x: 2806.7607872155836
y: 85.5871137221112
z: -6777.249730519309
yaw: 185.40004
pitch: 45.45
name: watertemple
