world: world
x: 22694.32351525933
y: 61.0
z: 19623.336372157355
yaw: 11.832642
pitch: 49.910957
name: water1
