world: world
x: 412823.1920647522
y: 67.0
z: 272473.9150600156
yaw: -174.95131
pitch: 8.250052
name: wb
