world: world
x: 412767.088506226
y: 75.0
z: 272544.5660228367
yaw: 256.89722
pitch: 16.499918
name: wb1
