world: world
x: -2.0367052677307423E7
y: 85.0
z: -1.2851708231707683E7
yaw: 279.14694
pitch: 5.9997907
name: weatherstation
