world: world
x: -16043.561024163777
y: 87.09019582004248
z: -16066.78553966119
yaw: -323.73047
pitch: 89.50084
name: wetman
