world: world
x: -17829.942453221873
y: 89.0
z: 14786.657515721712
yaw: -8.849654
pitch: 16.649977
name: wf
