world: world
x: -16501.422262335
y: 87.0
z: 1465.8827914555823
yaw: 88.796875
pitch: 3.3001034
name: wgexample
