world: world
x: 412880.37839863356
y: 149.0
z: 272493.50410192035
yaw: -269.30115
pitch: 1.200003
name: whof
