world: world
x: 413389.22414668876
y: 64.0
z: 272715.099069102
yaw: 114.9978
pitch: 10.350153
name: wi
