world: world
x: 413414.76904909825
y: 75.0
z: 272545.90491180326
yaw: 93.3978
pitch: 26.549932
name: willbridge
