world: world
x: 2312.4434725908345
y: 66.36148264188034
z: 500.06807055125853
yaw: 352.4038
pitch: 16.78487
name: willhill
