world: world
x: -2210.535297558914
y: 67.0
z: -152.32033488157737
yaw: -60.977478
pitch: 29.54987
name: willbuild
