world: world_1_10
x: -703959.9648031758
y: 77.0
z: 446060.7585278808
yaw: 11.699923
pitch: 29.399984
name: will1.10
