world: world
x: -7205.572621700217
y: 63.0
z: -5569.728774124316
yaw: -16.294952
pitch: -12.449885
name: willhouse
