world: world
x: -14711.610879424652
y: 74.0
z: 9302.500047761714
yaw: 222.15283
pitch: 35.25015
name: willvillage
