world: world
x: -706.4619184476611
y: 62.0
z: -3445.302357976458
yaw: -359.34863
pitch: 1.0499516
name: willslimefun
