world: world
x: -12404.300000011921
y: 63.0
z: 16996.27631450767
yaw: -233.92215
pitch: 1.9971571
name: willhome
