world: world
x: 1501.5
y: 133.0
z: -3866.5
yaw: -124.909615
pitch: 16.272003
name: willhills
