world: world
x: 4314.197178283865
y: 64.0
z: -3963.820763862798
yaw: -215.61963
pitch: 10.50003
name: willhouse2
