world: world
x: -1176.1274209058572
y: 92.0
z: -1743.2143856729938
yaw: 184.15509
pitch: -5.181912
name: WitchesTown
