world: world_nether
x: -2206.5
y: 58.0
z: 137.5
yaw: 31.302063
pitch: 23.999794
name: witherskeleton
