world: world
x: 5270.354597216271
y: 78.0
z: 3807.343248155768
yaw: 271.20453
pitch: 4.128969
name: wonderland
