world: world_1_10
x: 477.5
y: 89.0
z: -187.5
yaw: -46.199997
pitch: 3.7499998
name: world_110
