world: world
x: -7269.184731517291
y: 63.0
z: -5581.427946852595
yaw: -180.07509
pitch: 4.521651
name: ws
