world: world
x: 412877.3955153599
y: 102.0
z: 272342.42092953785
yaw: -14.451185
pitch: 14.100052
name: wshop
