world: world
x: -1.5115295461426659E7
y: 64.25
z: -1.269592070259291E7
yaw: 180.59204
pitch: -19.799986
name: xmastree
