world: world
x: -11984.299495600257
y: 59.875
z: -11433.950732275263
yaw: -143.00195
pitch: 30.49168
name: xpa
