world: world
x: -15234.603051777165
y: 91.0
z: -12985.176867824119
yaw: -0.8935236
pitch: 9.900113
name: yashshop
