world: world
x: -15048.108522006016
y: 68.0
z: -12826.0566281737
yaw: 262.35648
pitch: 12.600118
name: yashasand
