world: world
x: -15234.61415923071
y: 91.0
z: -12985.040129245928
yaw: 3.4478726
pitch: 19.06754
name: yashashop
