world: world
x: 347401.2626480546
y: 70.0
z: 865590.8732608833
yaw: 144.75
pitch: 17.24996
name: yog1
