world: world
x: 456.33422951656127
y: 68.0
z: 241.4178829723638
yaw: -150.50305
pitch: -29.004126
name: Yogpire
