world: world
x: 8488.726227033912
y: 63.0
z: -4189.708095972887
yaw: 240.82057
pitch: -2.8500345
name: Yogtemp1
