world: world
x: -475387.6742127347
y: 65.0
z: -340568.2641672202
yaw: -258.30017
pitch: 66.89996
name: yogville
