world: world
x: -3060.110504130993
y: 80.0
z: -2307.531999455522
yaw: -88.798706
pitch: 2.399988
name: zoo
