lastlocation:
  world: world
  x: -20863.260103021374
  y: 90.0
  z: -9216.72259292004
  yaw: -326.7
  pitch: 12.899976
lastAccountName: The_Gentleman052
timestamps:
  login: 1472195397919
  logout: 1472198404478
ipAddress: 125.209.185.63
geolocation: Australia
money: '5124.7492000000000047'
homes:
  home:
    world: world
    x: 8724.332407296923
    y: 62.0
    z: -8118.637902433933
    yaw: 92.10913
    pitch: 12.299992
logoutlocation:
  world: world
  x: 8723.68464568854
  y: 68.94602408668781
  z: -8128.750466918849
  yaw: -11.713663
  pitch: 10.200002
