lastlocation:
  world: world
  x: 477.5
  y: 89.0
  z: -187.5
  yaw: 315.0
  pitch: 0.44998962
geolocation: Sydney, New South Wales, Australia
lastAccountName: Stonah
timestamps:
  login: 1474343011135
  logout: 1474343031486
ipAddress: 122.148.36.161
logoutlocation:
  world: world
  x: 474.89728033368635
  y: 88.0
  z: -223.74073417320898
  yaw: 346.15
  pitch: -21.750017
