lastlocation:
  world: world
  x: 477.5
  y: 89.0
  z: -187.5
  yaw: 315.0
  pitch: 0.44998962
geolocation: Australia
lastAccountName: jjjZUKUjjj
timestamps:
  login: 1478586055432
  logout: 1478586126099
ipAddress: 203.212.149.245
logoutlocation:
  world: world
  x: 500.5844610713316
  y: 88.0
  z: -204.30000001192093
  yaw: 9.100037
  pitch: 39.449978
