lastlocation:
  world: world
  x: -310442.14193475124
  y: 65.0
  z: -625936.0577596605
  yaw: 201.14397
  pitch: 15.585116
geolocation: Sorø, Sjelland, Denmark
lastAccountName: Fleexie
timestamps:
  login: 1480161620191
  lastteleport: 1480166379467
  logout: 1480167200764
ipAddress: 212.10.234.129
money: '100948.108'
logoutlocation:
  world: world
  x: 25841.691210097375
  y: 95.0
  z: 774.8549666989444
  yaw: -27.331583
  pitch: 17.999914
