lastlocation:
  world: world
  x: 477.5
  y: 89.0
  z: -187.5
  yaw: 315.0
  pitch: 0.44998962
geolocation: Rowville, Victoria, Australia
lastAccountName: ArisenMacca
timestamps:
  login: 1475293271287
  logout: 1475293373058
ipAddress: 144.134.151.182
money: '4000'
logoutlocation:
  world: world
  x: 476.6934687643097
  y: 89.0
  z: -188.0111174503668
  yaw: 231.24947
  pitch: 6.1500053
