lastlocation:
  world: world
  x: 407.3204168306394
  y: 90.17675927506424
  z: -91.3218909413867
  yaw: 340.14987
  pitch: 18.75004
lastAccountName: mhsaug20
timestamps:
  login: 1478254762808
  logout: 1478254862859
ipAddress: 60.229.93.32
geolocation: Australia
money: '4000.0'
logoutlocation:
  world: world
  x: 477.6836403404351
  y: 89.0
  z: -187.50128524409956
  yaw: 259.59995
  pitch: -33.150017
