lastlocation:
  world: world
  x: 442.44651570263653
  y: 88.0
  z: -175.12016729877078
  yaw: -3.184435
  pitch: -3.1677303
geolocation: Whangarei, Northland, New Zealand
lastAccountName: Korossu
timestamps:
  login: 1475456497006
  logout: 1475456596176
ipAddress: 122.57.196.139
logoutlocation:
  world: world
  x: 525.6182792302602
  y: 66.0
  z: 67.5311291403833
  yaw: 0.10681152
  pitch: -1.0568898
