lastlocation:
  world: world
  x: 477.5
  y: 89.0
  z: -187.5
  yaw: 301.3
  pitch: -0.15001932
geolocation: Adelaide, South Australia, Australia
lastAccountName: TheBBQSauce
timestamps:
  login: 1476177824757
  lastteleport: 1476177885776
  logout: 1476178030231
ipAddress: 119.40.104.63
money: '2527.0'
logoutlocation:
  world: world
  x: 691.925152018499
  y: 73.0
  z: -268.51699850071196
  yaw: 116.50882
  pitch: 8.0999975
