lastlocation:
  world: world
  x: 477.5
  y: 89.0
  z: -187.5
  yaw: 315.0
  pitch: 0.44998962
lastAccountName: lethal_bacon69
timestamps:
  login: 1482388331269
  logout: 1482388355859
ipAddress: 124.189.196.224
geolocation: Brisbane, Queensland, Australia
logoutlocation:
  world: world
  x: 469.51708735144285
  y: 88.0
  z: -201.64752700099226
  yaw: 169.8999
  pitch: 17.849977
money: '2500'
