lastlocation:
  world: world
  x: 461.27481816423835
  y: 81.0
  z: 483.5934404182476
  yaw: 17.804193
  pitch: 85.05032
geolocation: Gawler, South Australia, Australia
lastAccountName: BAZERKO26
timestamps:
  login: 1473431981007
  logout: 1473432114641
ipAddress: 121.45.142.55
logoutlocation:
  world: world
  x: 461.06220152113144
  y: 81.0
  z: 483.69999998807907
  yaw: 17.804193
  pitch: 85.05032
