lastlocation:
  world: world
  x: 477.625810770573
  y: 89.0
  z: -183.43271481585987
  yaw: -6.158081
  pitch: 5.7048454
geolocation: Woodbridge, Ontario, Canada
lastAccountName: UnicornErica
timestamps:
  login: 1478300925514
  lastteleport: 1478300899748
  logout: 1478301019862
ipAddress: 174.112.159.46
logoutlocation:
  world: world
  x: -18830.403103228724
  y: 63.0
  z: 2575.1803082393076
  yaw: -101.57316
  pitch: -1.7512648
