lastlocation:
  world: world
  x: -8497.5
  y: 96.0
  z: -4176.5
  yaw: -193.91862
  pitch: 7.3979096
lastAccountName: kevvandan
timestamps:
  login: 1473343323260
  lastteleport: 1473342635132
  logout: 1473344015692
ipAddress: 81.235.55.141
geolocation: Sweden
money: '4246.258'
logoutlocation:
  world: world
  x: 7330.933257422745
  y: 72.0
  z: -6336.472922065939
  yaw: -252.79254
  pitch: 20.73939
afk: false
