lastlocation:
  world: world
  x: 572.8773673643478
  y: 88.0
  z: -172.8957426838484
  yaw: -149.89478
  pitch: 1.8199829
geolocation: Perth, Western Australia, Australia
lastAccountName: Youkre
timestamps:
  login: 1478368349018
  logout: 1478368621368
ipAddress: 106.69.189.201
money: '-7500'
logoutlocation:
  world: world
  x: 519.678246576269
  y: 88.0
  z: -181.2295068887245
  yaw: 21.522675
  pitch: 15.213232
