lastlocation:
  world: world
  x: -20509.97029368395
  y: 74.0
  z: -4367.781544280737
  yaw: 53.648396
  pitch: 24.150126
geolocation: Australia
lastAccountName: JasperJagg
timestamps:
  login: 1480937107795
  lastteleport: 1480937736149
  logout: 1480937767668
ipAddress: 124.169.236.222
money: '8750.5919999999999653'
logoutlocation:
  world: world
  x: -20083.69966174601
  y: 68.0
  z: -4403.300000011921
  yaw: -87.652
  pitch: 13.349971
