lastlocation:
  world: world
  x: 477.5
  y: 89.0
  z: -187.5
  yaw: 315.0
  pitch: 0.44998962
geolocation: Melbourne, Victoria, Australia
lastAccountName: Borkal_the_orc
timestamps:
  login: 1476765422783
  logout: 1476765471982
ipAddress: 110.148.116.129
logoutlocation:
  world: world
  x: 477.51856673705646
  y: 88.5
  z: -255.6424947100573
  yaw: 178.75018
  pitch: 2.099982
money: '2500'
