lastlocation:
  world: world
  x: 950.4138837009668
  y: 74.0
  z: 2611.4532241374254
  yaw: 118.813705
  pitch: 2.7267237
geolocation: New Zealand
lastAccountName: _TNTGOD_
timestamps:
  login: 1472971558737
  lastteleport: 1472971667525
  logout: 1472971753361
ipAddress: 222.152.30.247
money: '3700.81'
logoutlocation:
  world: world
  x: 932.9097462713232
  y: 72.0
  z: 2585.559011752131
  yaw: 88.640945
  pitch: 13.349984
