lastlocation:
  world: world
  x: 15121.363422651179
  y: 73.0
  z: -1317.4966977130384
  yaw: -78.50458
  pitch: 26.359991
geolocation: Joliet, Illinois, United States
lastAccountName: Deerhunter34
timestamps:
  login: 1476567595215
  lastteleport: 1476568839141
  logout: 1476569018702
ipAddress: 107.209.173.195
money: '15800.0'
logoutlocation:
  world: world
  x: -12280.643988002583
  y: 70.0
  z: 5944.394824399023
  yaw: -276.2788
  pitch: 47.43623
