lastlocation:
  world: world
  x: 370.29369545635024
  y: 88.0
  z: -127.63573158254889
  yaw: 37.382046
  pitch: 30.472683
lastAccountName: sara2290
timestamps:
  login: 1472146879725
  logout: 1472147330578
ipAddress: 50.128.181.249
geolocation: Jensen Beach, Florida, United States
money: '7700.0'
logoutlocation:
  world: world
  x: -28327.937608596483
  y: 64.0
  z: -12084.474969874967
  yaw: 245.1756
  pitch: 5.4391956
