lastlocation:
  world: world
  x: 475.888356023162
  y: 89.0
  z: -186.18732100857187
  yaw: 241.75073
  pitch: 0.74998295
geolocation: Dapto, New South Wales, Australia
lastAccountName: Metalator
timestamps:
  login: 1477478204726
  logout: 1477478768768
ipAddress: 101.161.147.77
money: '3978.4260000000000005'
logoutlocation:
  world: world
  x: -2595.568346377138
  y: 64.0
  z: -13209.048367784824
  yaw: 342.45062
  pitch: 29.699833
