lastlocation:
  world: world
  x: 477.5
  y: 89.0
  z: -187.5
  yaw: 315.0
  pitch: 0.44998962
geolocation: Monash, South Australia, Australia
lastAccountName: matttie01
timestamps:
  login: 1474006628735
  logout: 1474006775373
ipAddress: 49.127.247.29
logoutlocation:
  world: world
  x: 478.7037450733645
  y: 88.0
  z: -46.51215267459398
  yaw: 3.8496094
  pitch: 19.800018
