lastlocation:
  world: world
  x: 477.5
  y: 89.0
  z: -187.5
  yaw: 315.0
  pitch: 0.44998962
lastAccountName: voxelon
timestamps:
  login: 1471738503081
  logout: 1471738616381
ipAddress: 100.36.41.84
geolocation: United States
logoutlocation:
  world: world
  x: 528.6120886556375
  y: 66.0
  z: 70.69350782821583
  yaw: 7.151062
  pitch: -17.40005
