lastlocation:
  world: world
  x: 485.9742300914958
  y: 88.0
  z: -195.1282310700961
  yaw: -60.800102
  pitch: 33.74998
lastAccountName: catsrock237
timestamps:
  login: 1469643690187
  lastteleport: 1469643818707
  logout: 1469644100035
ipAddress: 73.50.6.47
geolocation: Willow Springs, Illinois, United States
money: '2500'
logoutlocation:
  world: world
  x: 484.5136375912883
  y: 62.5
  z: 572.4496013272237
  yaw: -97.101006
  pitch: -4.6499934
