lastlocation:
  world: world
  x: 477.5
  y: 89.0
  z: -187.5
  yaw: 315.0
  pitch: 0.44998962
geolocation: Australia
lastAccountName: Ausdragon21
timestamps:
  login: 1480129761590
  logout: 1480129910451
ipAddress: 101.187.179.157
logoutlocation:
  world: world
  x: 477.49211116778474
  y: 89.0
  z: -188.83694670290964
  yaw: 283.74997
  pitch: 11.999982
