lastlocation:
  world: world
  x: 477.5
  y: 89.0
  z: -187.5
  yaw: 315.0
  pitch: 0.44998962
geolocation: Collingwood, Victoria, Australia
lastAccountName: jd7_pro
timestamps:
  login: 1477298749132
  logout: 1477299143983
ipAddress: 125.209.146.26
logoutlocation:
  world: world
  x: 479.6858454650371
  y: 88.0
  z: -220.32557662190132
  yaw: 284.9499
  pitch: 4.499981
