lastlocation:
  world: world
  x: -1615.2604209633237
  y: 68.44585883712503
  z: -999.8050270933744
  yaw: -42.35497
  pitch: 64.107895
lastAccountName: Mackaylie
timestamps:
  login: 1471236231835
  lastteleport: 1471236277053
  logout: 1471236532313
ipAddress: 99.228.87.136
geolocation: Brampton, Ontario, Canada
money: '2500'
logoutlocation:
  world: world
  x: -1616.524590213125
  y: 82.23152379758702
  z: -1000.8453506962173
  yaw: -37.751152
  pitch: 64.91355
