lastlocation:
  world: world
  x: 732.8405124190283
  y: 68.0
  z: -485.96434191590527
  yaw: 7.4635425
  pitch: 5.3527317
geolocation: Australia
lastAccountName: natandem
timestamps:
  login: 1475285532903
  lastteleport: 1475134554540
  logout: 1475285734209
ipAddress: 203.213.225.22
logoutlocation:
  world: world
  x: 748.5
  y: 64.07500000000745
  z: -174.5
  yaw: -184.2511
  pitch: -4.6499963
