lastlocation:
  world: world
  x: 477.5
  y: 89.0
  z: -187.5
  yaw: 315.0
  pitch: 0.44998962
geolocation: Australia
lastAccountName: JayRawrs
timestamps:
  login: 1473764799255
  logout: 1473764815712
ipAddress: 27.99.55.153
logoutlocation:
  world: world
  x: 477.61787091783776
  y: 89.0
  z: -189.65138565419488
  yaw: 342.54993
  pitch: 16.19998
