lastlocation:
  world: world
  x: 477.5
  y: 89.0
  z: -187.5
  yaw: 315.0
  pitch: 0.44998962
geolocation: Buenos Aires, Distrito Federal, Argentina
lastAccountName: Elizabethab
timestamps:
  login: 1480309078071
  logout: 1480309090497
ipAddress: 186.23.35.167
logoutlocation:
  world: world
  x: 477.5
  y: 89.0
  z: -187.5
  yaw: 274.8999
  pitch: -2.7000191
