geolocation: New Zealand
lastAccountName: Puppetqq1
timestamps:
  login: 1472140217529
  logout: 1472140448540
ipAddress: 203.167.135.254
lastlocation:
  world: world
  x: 17237.05633078089
  y: 31.0
  z: 6217.956933085999
  yaw: 351.1501
  pitch: 2.7000246
money: '2577.1419999999999993'
logoutlocation:
  world: world
  x: -20954.375487903388
  y: 83.0
  z: -16939.9651260549
  yaw: -75.89978
  pitch: 4.349986
