lastlocation:
  world: world
  x: 571.2086140168432
  y: 63.0
  z: 49.33603983757998
  yaw: -20.750296
  pitch: 10.199958
geolocation: Vermont, Victoria, Australia
lastAccountName: rops101
timestamps:
  login: 1473160497619
  lastteleport: 1472055243065
  logout: 1473160616543
ipAddress: 60.224.16.210
logoutlocation:
  world: world
  x: 498.49398640106983
  y: 108.0
  z: -103.87823133168641
  yaw: -9.949829
  pitch: -2.4000125
money: '3000.0'
