lastlocation:
  world: world
  x: 477.5
  y: 89.0
  z: -187.5
  yaw: 315.0
  pitch: 0.44998962
geolocation: Sydney, New South Wales, Australia
lastAccountName: Exoltor
timestamps:
  login: 1476614603685
  logout: 1476614679093
ipAddress: 124.179.2.34
logoutlocation:
  world: world
  x: 448.90049841497313
  y: 88.0
  z: -177.68982763730287
  yaw: 89.499916
  pitch: 3.5999794
