lastlocation:
  world: world
  x: -29407.559550786962
  y: 66.0
  z: -3478.2486866607533
  yaw: 183.18065
  pitch: 86.24337
lastAccountName: Noobxor
timestamps:
  login: 1474308483342
  lastteleport: 1473586575114
  logout: 1474309360804
ipAddress: 124.171.198.32
geolocation: Brisbane, Queensland, Australia
money: '75674.47875000000007310'
logoutlocation:
  world: world
  x: -29415.327258192425
  y: 69.0
  z: -3478.50160478019
  yaw: 37.896484
  pitch: 15.700117
afk: false
