lastlocation:
  world: world
  x: 477.5
  y: 89.0
  z: -187.5
  yaw: 315.0
  pitch: 0.44998962
geolocation: Sydney, New South Wales, Australia
lastAccountName: jonawesomeness
timestamps:
  login: 1481368781804
  logout: 1481368864660
ipAddress: 101.161.42.80
logoutlocation:
  world: world
  x: 477.5
  y: 89.0
  z: -187.5
  yaw: 270.54996
  pitch: -1.0500194
