lastlocation:
  world: world
  x: 477.5
  y: 89.0
  z: -187.5
  yaw: 315.0
  pitch: 0.44998962
geolocation: Melton, Victoria, Australia
lastAccountName: vPando
timestamps:
  login: 1479909961298
  logout: 1479909963582
ipAddress: 121.219.102.89
logoutlocation:
  world: world
  x: 477.5
  y: 89.0
  z: -187.5
  yaw: 270.54996
  pitch: -1.0500194
