lastlocation:
  world: world
  x: 477.5
  y: 89.0
  z: -187.5
  yaw: 315.0
  pitch: 0.44998962
lastAccountName: elyetoon
timestamps:
  login: 1470313251487
  logout: 1470313342215
ipAddress: 79.178.82.68
geolocation: Israel
logoutlocation:
  world: world
  x: 476.53777235908154
  y: 89.0
  z: -190.94534836531443
  yaw: 43.85187
  pitch: 1.6230705
money: '2500'
