lastlocation:
  world: world
  x: 477.5
  y: 89.0
  z: -187.5
  yaw: 315.0
  pitch: 0.44998962
geolocation: Serbia
lastAccountName: ChocChipCake
timestamps:
  login: 1477770680547
  logout: 1477770794027
ipAddress: 178.220.76.226
money: '-2500'
logoutlocation:
  world: world
  x: 482.55206895347214
  y: 89.0
  z: -193.30432200763602
  yaw: -21.752716
  pitch: 16.120953
