lastlocation:
  world: world
  x: 14245.668705132266
  y: 67.0
  z: 918.9040365663799
  yaw: 105.230225
  pitch: 10.780704
geolocation: Sydney, New South Wales, Australia
lastAccountName: jimmidude
timestamps:
  login: 1474799901105
  lastteleport: 1474800012070
  logout: 1474801580672
ipAddress: 121.217.229.96
money: '2826.5249999999999999'
logoutlocation:
  world: world
  x: 14272.602580368743
  y: 67.0
  z: 902.5497857837227
  yaw: 224.07654
  pitch: 9.900003
