lastlocation:
  world: world
  x: 477.5
  y: 89.0
  z: -187.5
  yaw: 315.0
  pitch: 0.44998962
lastAccountName: Watermelonely
timestamps:
  login: 1472610675917
  logout: 1472611001286
ipAddress: 124.170.36.178
geolocation: Southbank, Victoria, Australia
logoutlocation:
  world: world
  x: 477.89265870129043
  y: 78.0
  z: -5.112666778400317
  yaw: 10.0000515
  pitch: -44.40001
