lastlocation:
  world: world
  x: 477.5
  y: 89.0
  z: -187.5
  yaw: 315.0
  pitch: 0.44998962
geolocation: Brisbane, Queensland, Australia
lastAccountName: Valkraken
timestamps:
  login: 1476605327862
  logout: 1476607382616
ipAddress: 122.104.142.104
afk: false
logoutlocation:
  world: world
  x: 519.8147012077294
  y: 88.5
  z: -195.53986651794315
  yaw: -101.14526
  pitch: 10.650011
