lastlocation:
  world: world
  x: -788.0122090319202
  y: 67.0
  z: -25656.273433963095
  yaw: 174.3552
  pitch: 26.25006
geolocation: Kungsör, Vastmanlands Lan, Sweden
lastAccountName: FreddaPvP
timestamps:
  login: 1475590541410
  lastteleport: 1473431374057
  logout: 1475590565021
ipAddress: 217.175.123.157
money: '-2150.0'
logoutlocation:
  world: world
  x: -10414.75040308635
  y: 65.0
  z: 8613.068403652118
  yaw: -67.6509
  pitch: 34.649998
