lastAccountName: EnviousViper
timestamps:
  login: 1471644515100
  logout: 1471644649704
ipAddress: 121.98.201.147
geolocation: New Zealand
lastlocation:
  world: world
  x: 477.5
  y: 89.0
  z: -187.5
  yaw: 315.0
  pitch: 0.44998962
logoutlocation:
  world: world
  x: 448.292103447279
  y: 88.0
  z: -177.68761801656893
  yaw: 105.42047
  pitch: 8.770376
