lastlocation:
  world: world
  x: 477.5
  y: 89.0
  z: -187.5
  yaw: 315.0
  pitch: 0.44998962
geolocation: Australia
lastAccountName: liamd143
timestamps:
  login: 1472030883557
  logout: 1472031065204
ipAddress: 101.182.9.193
logoutlocation:
  world: world
  x: 661.8464868852935
  y: 63.0
  z: 192.64671991695354
  yaw: -350.68933
  pitch: 22.356962
