lastlocation:
  world: world
  x: 477.5
  y: 89.0
  z: -187.5
  yaw: 315.0
  pitch: 0.44998962
lastAccountName: BenCon94
timestamps:
  login: 1470494883832
  logout: 1470495176128
ipAddress: 86.27.18.84
geolocation: Preston, Lancashire, United Kingdom
logoutlocation:
  world: world
  x: 474.5799979930771
  y: 89.0
  z: -189.94154234027502
  yaw: 293.45032
  pitch: 38.04778
money: '2500'
