lastlocation:
  world: world
  x: 477.5
  y: 89.0
  z: -187.5
  yaw: 315.0
  pitch: 0.44998962
geolocation: Italy
lastAccountName: LaceryyYT
timestamps:
  login: 1478211659801
  logout: 1478211677358
ipAddress: 93.47.146.96
logoutlocation:
  world: world
  x: 482.138919102216
  y: 89.0
  z: -188.60634032411417
  yaw: 116.64997
  pitch: 9.599975
