lastlocation:
  world: world
  x: 631.0749999880791
  y: 63.0
  z: -262.6999999880791
  yaw: 236.39899
  pitch: 27.812426
geolocation: Australia
lastAccountName: ItzBadQuality
timestamps:
  login: 1478368079666
  logout: 1478368597044
ipAddress: 203.59.90.55
money: '-2500'
logoutlocation:
  world: world
  x: 631.0749999880791
  y: 63.0
  z: -262.6999999880791
  yaw: 236.39899
  pitch: 27.812426
