lastlocation:
  world: world
  x: -1.782817164981109E7
  y: 64.0
  z: -8967391.565979717
  yaw: -253.7974
  pitch: 11.849949
lastAccountName: ThePaciFest123
timestamps:
  login: 1470459332618
  lastteleport: 1470459435995
  logout: 1470459472502
ipAddress: 115.187.165.104
geolocation: Gold Coast, Queensland, Australia
logoutlocation:
  world: world
  x: -310444.9300953466
  y: 71.0
  z: -625910.9952826294
  yaw: 224.84406
  pitch: 11.085096
money: '2500'
