lastlocation:
  world: world
  x: 476.634692131154
  y: 88.5
  z: -240.5029813012069
  yaw: -7.55011
  pitch: 7.349991
geolocation: Springfield, New South Wales, Australia
lastAccountName: CrispehYT
timestamps:
  login: 1476873053575
  lastteleport: 1476873150345
  logout: 1476873203239
ipAddress: 121.217.35.173
money: '4000'
logoutlocation:
  world: world
  x: 412742.86519703915
  y: 67.0
  z: 272428.99254792044
  yaw: -84.79975
  pitch: 1.6500039
