lastlocation:
  world: world
  x: 4120.375411944389
  y: 63.0
  z: 11019.65217824139
  yaw: 314.40387
  pitch: 19.95016
geolocation: Dural, New South Wales, Australia
lastAccountName: xTinyDancer
timestamps:
  login: 1470833098455
  lastteleport: 1470834198042
  logout: 1470834215659
ipAddress: 121.216.193.241
money: '2500'
logoutlocation:
  world: world
  x: 3794.6465675122754
  y: 93.0
  z: 11181.938512604394
  yaw: 339.34424
  pitch: 37.19326
