lastlocation:
  world: world
  x: 475.02251801445084
  y: 89.0
  z: -186.09226878388225
  yaw: 259.29987
  pitch: 41.84997
lastAccountName: TantyCracker69
timestamps:
  login: 1470445735757
  lastteleport: 1470445934853
  logout: 1470445989361
ipAddress: 149.135.36.101
geolocation: Chinchilla, Queensland, Australia
money: '2500'
logoutlocation:
  world: world
  x: -10877.514334906826
  y: 96.0
  z: 953.4463060800028
  yaw: 225.75032
  pitch: 13.800019
