lastlocation:
  world: world
  x: 99.51518474917032
  y: 66.0
  z: 288.30000001192093
  yaw: 335.04715
  pitch: -1.199939
geolocation: Australia
lastAccountName: mitch_cap_5150
timestamps:
  login: 1470208870576
  logout: 1470209384717
ipAddress: 120.155.89.145
logoutlocation:
  world: world
  x: 99.51518474917032
  y: 66.0
  z: 288.30000001192093
  yaw: 335.19714
  pitch: -1.199939
money: '2500'
