lastlocation:
  world: world
  x: 477.6836403404351
  y: 89.0
  z: -187.50128524409956
  yaw: 270.54996
  pitch: -1.0500194
geolocation: Australia
lastAccountName: Spoingegar
timestamps:
  login: 1481435271573
  lastteleport: 1481435405379
  logout: 1481435572349
ipAddress: 1.41.122.166
money: '-2046.574'
logoutlocation:
  world: world
  x: 16911.892276013128
  y: 69.0
  z: 6424.379669161797
  yaw: -141.4265
  pitch: 22.334793
