lastlocation:
  world: world
  x: -12810.223620864925
  y: 63.0
  z: -22635.142177443275
  yaw: -228.7495
  pitch: 10.649936
geolocation: Australia
lastAccountName: DatGuyInTheCornr
timestamps:
  login: 1470970373994
  logout: 1470971136872
ipAddress: 101.190.183.244
logoutlocation:
  world: world
  x: 477.6836403404351
  y: 89.0
  z: -187.50128524409956
  yaw: 270.99994
  pitch: -0.15001938
money: '2500'
