lastlocation:
  world: world
  x: 477.5
  y: 89.0
  z: -187.5
  yaw: 315.0
  pitch: 0.44998962
geolocation: Castle Hill, New South Wales, Australia
lastAccountName: PizzaHutGuy
timestamps:
  login: 1474004050032
  logout: 1474004084439
ipAddress: 58.172.144.85
logoutlocation:
  world: world
  x: 466.57801555656175
  y: 88.0
  z: -198.90586109017292
  yaw: 106.450005
  pitch: 29.69998
