lastlocation:
  world: world
  x: 477.5
  y: 89.0
  z: -187.5
  yaw: 315.0
  pitch: 0.44998962
lastAccountName: DakotaWebber
timestamps:
  login: 1469660198726
  logout: 1469660301252
ipAddress: 124.191.157.86
geolocation: Brisbane, Queensland, Australia
logoutlocation:
  world: world
  x: 492.3768084313834
  y: 88.0
  z: -181.86740012767996
  yaw: 37.59149
  pitch: -4.7420835
money: '2500'
