lastlocation:
  world: world
  x: 477.38784583094065
  y: 88.0
  z: -232.91387595172228
  yaw: -179.30017
  pitch: 19.799976
lastAccountName: NexGenInsanity
timestamps:
  login: 1472811264817
  lastteleport: 1472811346590
  kits:
    citizen: 1472811521672
  logout: 1472811547042
ipAddress: 124.180.176.209
geolocation: Blackburn, Victoria, Australia
money: '2820.27'
logoutlocation:
  world: world
  x: 14442.057873225276
  y: 96.0
  z: -24311.66121155583
  yaw: -314.25208
  pitch: 36.900024
