lastlocation:
  world: world
  x: -4709.017422363571
  y: 74.0
  z: -740.6742843193371
  yaw: 44.70001
  pitch: -3.7498448
geolocation: Kungsör, Vastmanlands Lan, Sweden
lastAccountName: johanzetterberg
timestamps:
  login: 1474520750637
  lastteleport: 1474520795159
  logout: 1474520982008
ipAddress: 217.175.123.91
money: '4748.44549999999999965'
logoutlocation:
  world: world
  x: 474.51206585497266
  y: 89.0
  z: -190.23453857556777
  yaw: 144.25018
  pitch: 31.65006
