lastlocation:
  world: world
  x: 477.5
  y: 89.0
  z: -187.5
  yaw: 315.0
  pitch: 0.44998962
lastAccountName: SpellzNSht
timestamps:
  login: 1471776582172
  logout: 1471776587493
ipAddress: 109.152.6.94
geolocation: Solihull, Solihull, United Kingdom
logoutlocation:
  world: world
  x: 471.9153110654033
  y: 89.0
  z: -187.72341221407402
  yaw: 269.3862
  pitch: 13.4439745
