lastlocation:
  world: world
  x: 477.5
  y: 89.0
  z: -187.5
  yaw: 315.0
  pitch: 0.44998962
geolocation: Worcester, Worcestershire, United Kingdom
lastAccountName: DannyD97
timestamps:
  login: 1477775289702
  logout: 1477775323806
ipAddress: 90.201.90.151
logoutlocation:
  world: world
  x: 473.3125176911889
  y: 89.0
  z: -188.44162258178943
  yaw: 88.15
  pitch: 29.549973
