lastlocation:
  world: world
  x: 477.5
  y: 89.0
  z: -187.5
  yaw: 315.0
  pitch: 0.44998962
geolocation: New Haven, Indiana, United States
lastAccountName: Yeonso
timestamps:
  login: 1475876512656
  logout: 1475876548297
ipAddress: 73.176.47.202
logoutlocation:
  world: world
  x: 480.94675151825794
  y: 89.0
  z: -186.91513288819084
  yaw: 303.7
  pitch: 23.99998
money: '-7500'
