lastlocation:
  world: world
  x: 477.5
  y: 89.0
  z: -187.5
  yaw: 315.0
  pitch: 0.44998962
lastAccountName: Johnyghost120
timestamps:
  login: 1470253522120
  logout: 1470253536178
ipAddress: 96.27.12.143
geolocation: New Boston, Michigan, United States
logoutlocation:
  world: world
  x: 482.2381606072643
  y: 89.0
  z: -191.9784572922101
  yaw: 183.09996
  pitch: 15.299979
money: '2500'
