lastlocation:
  world: world
  x: 477.5
  y: 89.0
  z: -187.5
  yaw: 315.0
  pitch: 0.44998962
geolocation: United States
lastAccountName: Mewzette
timestamps:
  login: 1476472147383
  logout: 1476472628666
ipAddress: 47.36.153.76
money: '2486.5'
logoutlocation:
  world: world
  x: 575.7445647471338
  y: 63.0
  z: 56.45282196987454
  yaw: -179.87451
  pitch: 21.367466
