geolocation: Sydney, New South Wales, Australia
lastlocation:
  world: world
  x: 477.5
  y: 89.0
  z: -187.5
  yaw: 315.0
  pitch: 0.44998962
lastAccountName: Snickerrs_
timestamps:
  login: 1472517824236
  logout: 1472518135731
ipAddress: 49.195.4.46
money: '2496.5'
logoutlocation:
  world: world
  x: 625.0690532756128
  y: 74.0
  z: -151.4686259498617
  yaw: 94.44389
  pitch: 14.249975
