lastlocation:
  world: world
  x: 477.5
  y: 89.0
  z: -187.5
  yaw: 315.0
  pitch: 0.44998962
geolocation: Elgin, Illinois, United States
lastAccountName: HappyRainbow05
timestamps:
  login: 1478376495718
  logout: 1478376511269
ipAddress: 50.165.208.238
logoutlocation:
  world: world
  x: 477.5
  y: 89.0
  z: -187.5
  yaw: 272.64993
  pitch: -1.6500193
