lastlocation:
  world: world
  x: 477.5
  y: 89.0
  z: -187.5
  yaw: 315.0
  pitch: 0.44998962
geolocation: Cable, Wisconsin, United States
lastAccountName: Jabitin
timestamps:
  login: 1470899914237
  logout: 1470899953062
ipAddress: 68.234.73.121
logoutlocation:
  world: world
  x: 477.5
  y: 89.0
  z: -187.5
  yaw: 270.54996
  pitch: -1.0500194
money: '2500'
