lastlocation:
  world: world
  x: 477.5
  y: 89.0
  z: -187.5
  yaw: 315.0
  pitch: 0.44998962
geolocation: Australia
lastAccountName: Card_Magician
timestamps:
  login: 1481094324726
  logout: 1481094428004
ipAddress: 110.141.0.250
logoutlocation:
  world: world
  x: 435.8551417422226
  y: 88.0
  z: -196.30085534881104
  yaw: 89.62958
  pitch: 16.229263
