lastlocation:
  world: world
  x: 25466.55264936274
  y: 84.21235749301985
  z: 14169.843770457708
  yaw: 128.17105
  pitch: 11.904346
geolocation: New Zealand
lastAccountName: DestinyzFate
timestamps:
  login: 1477791632049
  lastteleport: 1477791858876
  logout: 1477792089963
ipAddress: 121.98.133.164
money: '2890.664'
logoutlocation:
  world: world
  x: 477.6836403404351
  y: 89.0
  z: -187.50128524409956
  yaw: 270.54996
  pitch: -1.0500194
