lastAccountName: Lady_Yashacat
timestamps:
  login: 1482114157100
  kits:
    elite: 1451948332500
    firework: 1452178098572
    donor: 1451949082140
    jesus: 1451948385076
    color: 1451104168167
    banner: 1451918233922
    mobeggs: 1451917922172
    vip: 1451948060920
    dtools: 1451948903341
    overlord: 1451100189966
    food: 1450216512291
    ultra: 1451947884224
  lastteleport: 1481087220781
  logout: 1482115901577
  lastheal: 1465596635458
ipAddress: 173.20.28.74
geolocation: Herrin, Illinois, United States
lastlocation:
  world: world
  x: -310109.6678756956
  y: 76.42630524713564
  z: -625613.047712403
  yaw: 77.32414
  pitch: 39.317574
afk: false
money: '1792889.42250000001761191'
logoutlocation:
  world: world
  x: -3171.78378607025
  y: 64.0
  z: -10894.07139001645
  yaw: -63.62915
  pitch: 1.7807577
godmode: true
homes:
  home:
    world: world
    x: -15242.018548351165
    y: 72.0
    z: -13204.825134070226
    yaw: -180.35622
    pitch: 6.562706
  water:
    world: world
    x: -310101.89171507343
    y: 45.0
    z: -625612.4363173062
    yaw: 187.84746
    pitch: 39.283287
  ice:
    world: world
    x: -9546.61820649669
    y: 70.0
    z: -11629.164682483932
    yaw: 48.78621
    pitch: 18.749786
  tree:
    world: world
    x: -3146.4247840605008
    y: 72.0
    z: -10845.876057028441
    yaw: -281.2237
    pitch: 19.780407
  mtmoon:
    world: world
    x: -13682.912691853315
    y: 63.0
    z: 28472.84430649888
    yaw: -272.04712
    pitch: 50.691925
  flower:
    world: world
    x: -15299.493059884491
    y: 84.0
    z: -7665.577679365194
    yaw: -177.34175
    pitch: 28.988478
  ho:
    world: world
    x: -310164.11957279
    y: 20.0
    z: -626496.5408057625
    yaw: 245.57312
    pitch: 29.086418
  cityhome:
    world: world
    x: 843.7825978418075
    y: 63.0
    z: 324.57227555270066
    yaw: -0.66238666
    pitch: 7.137141
  rune:
    world: world
    x: 788.9976236971515
    y: 65.0
    z: -110.54029279270709
    yaw: 87.00336
    pitch: 20.600357
  echo:
    world: world
    x: -12215.847842635354
    y: 70.0
    z: -11535.829864652835
    yaw: 193.2727
    pitch: -10.004804
