lastlocation:
  world: world
  x: 477.5
  y: 89.0
  z: -187.5
  yaw: 315.0
  pitch: 0.44998962
lastAccountName: xFlipper
timestamps:
  login: 1472730994159
  logout: 1472731055610
ipAddress: 37.106.181.225
geolocation: Riyadh, Ar Riyad, Saudi Arabia
logoutlocation:
  world: world
  x: 475.71576740941913
  y: 89.0
  z: -188.5820032038643
  yaw: 270.54996
  pitch: -1.0500194
