lastlocation:
  world: world
  x: 477.5
  y: 89.0
  z: -187.5
  yaw: 315.0
  pitch: 0.44998962
geolocation: United Kingdom
lastAccountName: HallOfNick98
timestamps:
  login: 1476761415646
  logout: 1476761421307
ipAddress: 81.140.215.177
money: '2500'
logoutlocation:
  world: world
  x: 478.3677324354176
  y: 88.0
  z: -205.95006107382108
  yaw: 9.249864
  pitch: 10.499991
