lastlocation:
  world: world
  x: 477.5
  y: 89.0
  z: -187.5
  yaw: 315.0
  pitch: 0.44998962
geolocation: Serbia
lastAccountName: BananaChipCake
timestamps:
  login: 1477770679324
  logout: 1477770783976
ipAddress: 185.34.95.172
logoutlocation:
  world: world
  x: 458.5627209811492
  y: 88.0
  z: -199.48521125779112
  yaw: -6.6063905
  pitch: 9.7124195
