lastlocation:
  world: world
  x: 477.5
  y: 89.0
  z: -187.5
  yaw: 315.0
  pitch: 0.44998962
lastAccountName: LiquidP0tato
timestamps:
  login: 1473404182898
  logout: 1473404350317
ipAddress: 121.219.47.50
geolocation: Surrey Hills, Victoria, Australia
logoutlocation:
  world: world
  x: 474.3695812790342
  y: 89.0
  z: -192.14693812015153
  yaw: -321.80032
  pitch: 4.9499702
