lastlocation:
  world: world
  x: 477.5
  y: 89.0
  z: -187.5
  yaw: 315.0
  pitch: 0.44998962
geolocation: Australia
lastAccountName: AyeeItzFlip
timestamps:
  login: 1472883583215
  logout: 1472883651342
ipAddress: 144.138.7.137
logoutlocation:
  world: world
  x: 474.4672627315681
  y: 89.0
  z: -188.2442237053141
  yaw: 86.649994
  pitch: 6.449981
