lastlocation:
  world: world
  x: 477.5
  y: 89.0
  z: -187.5
  yaw: 315.0
  pitch: 0.44998962
geolocation: Sparta, Wisconsin, United States
lastAccountName: Linkyoshi
timestamps:
  login: 1477017731307
  logout: 1477017745673
ipAddress: 71.87.100.185
logoutlocation:
  world: world
  x: 477.5
  y: 89.0
  z: -187.5
  yaw: 40.149994
  pitch: 31.94998
