lastlocation:
  world: world
  x: 477.5
  y: 89.0
  z: -187.5
  yaw: 315.0
  pitch: 0.44998962
lastAccountName: dawnofthejak
timestamps:
  login: 1472445129317
  logout: 1472445259175
ipAddress: 49.195.21.229
geolocation: Mosman, New South Wales, Australia
logoutlocation:
  world: world
  x: 473.77059041889027
  y: 88.0
  z: -114.81564478969777
  yaw: 180.24976
  pitch: 13.649987
