lastlocation:
  world: world
  x: 477.5
  y: 89.0
  z: -187.5
  yaw: 315.0
  pitch: 0.44998962
lastAccountName: joosafiena
timestamps:
  login: 1470063236614
  logout: 1470063641299
ipAddress: 185.55.108.198
geolocation: Netherlands
logoutlocation:
  world: world
  x: 253.7786146893959
  y: 65.0
  z: -147.82311692592438
  yaw: -7.8498425
  pitch: 11.39993
money: '2500'
