lastlocation:
  world: world
  x: 443.45503980760776
  y: 88.0
  z: -199.97119460625495
  yaw: -171.7945
  pitch: 2.5457337
geolocation: South Africa
lastAccountName: EndShadow
timestamps:
  login: 1481958552884
  logout: 1481958849092
ipAddress: 41.145.26.23
logoutlocation:
  world: world_nether
  x: 49.96130363565504
  y: 38.0
  z: 48.10216555079314
  yaw: -48.29779
  pitch: 43.80002
