lastlocation:
  world: world
  x: 477.5
  y: 89.0
  z: -187.5
  yaw: 315.0
  pitch: 0.44998962
geolocation: Christchurch, Canterbury, New Zealand
lastAccountName: NiikaSan
timestamps:
  login: 1470977903278
  logout: 1470977953836
ipAddress: 124.197.23.204
logoutlocation:
  world: world
  x: 476.1363267974961
  y: 88.0
  z: -63.63438357098791
  yaw: 357.76855
  pitch: 2.7652323
money: '2500'
