geolocation: Philippines
lastAccountName: FalconX_PvP
timestamps:
  login: 1471847966877
  kits:
    citizen: 1471848011179
  logout: 1471848108642
ipAddress: 112.210.74.247
lastlocation:
  world: world
  x: 478.69999998807907
  y: 88.5
  z: -260.0296109093099
  yaw: 209.91542
  pitch: 8.917163
logoutlocation:
  world: world
  x: -9939.914042821727
  y: 64.0
  z: 10245.287869786915
  yaw: 154.10156
  pitch: 13.11364
