lastlocation:
  world: world
  x: 477.5
  y: 89.0
  z: -187.5
  yaw: 315.0
  pitch: 0.44998962
geolocation: Sydney, New South Wales, Australia
lastAccountName: TraeLiddo
timestamps:
  login: 1473069115111
  logout: 1473069232894
ipAddress: 121.44.26.8
logoutlocation:
  world: world
  x: 484.3657929046308
  y: 65.5
  z: 35.77249043427238
  yaw: 107.499954
  pitch: 53.250027
