lastlocation:
  world: world
  x: -3082.137499988079
  y: 246.0
  z: 3472.762499988079
  yaw: 299.86005
  pitch: 71.99999
lastAccountName: Donut_Pig13
timestamps:
  login: 1470126589346
  lastteleport: 1470046718443
  logout: 1470126678881
ipAddress: 5.20.149.235
geolocation: Lithuania
money: '2500'
logoutlocation:
  world: world
  x: 489.84091990481386
  y: 108.0
  z: -218.1074290633506
  yaw: -108.35014
  pitch: 16.34999
