lastlocation:
  world: world
  x: 477.5
  y: 89.0
  z: -187.5
  yaw: 315.0
  pitch: 0.44998962
geolocation: Moggill, Queensland, Australia
lastAccountName: dray24
timestamps:
  login: 1476952220736
  logout: 1476952245630
ipAddress: 60.241.110.148
logoutlocation:
  world: world
  x: 513.5357289391058
  y: 112.5
  z: -218.8765875954274
  yaw: 345.9064
  pitch: 56.278217
