lastlocation:
  world: world
  x: 477.5
  y: 89.0
  z: -187.5
  yaw: 315.0
  pitch: 0.44998962
geolocation: Oshkosh, Wisconsin, United States
lastAccountName: TheFireTroll
timestamps:
  login: 1480909444185
  logout: 1480909576688
ipAddress: 68.191.177.204
logoutlocation:
  world: world
  x: 475.2996163409209
  y: 89.0
  z: -183.57017045296286
  yaw: 282.385
  pitch: 4.335095
