jails: 
  jail: 
    world: world
    x: 292.72034622531675
    y: 89.0
    z: 108.3965866279805
    yaw: 192.05408
    pitch: 11.850057
  jail1: 
    world: world
    x: 294.54766402890795
    y: 89.0
    z: 107.85032383106822
    yaw: 78.19914
    pitch: 30.900074
