Name: Fleexie
TeleportLocation:
  X: 477.5
  Pitch: 0.44998962
  Y: 89.0
  Z: -187.5
  World: world
  Yaw: 315.0
Charges:
  Amount: 0
  LastGot: 1480161620196
LogOutLocation:
  X: 25841.691210097375
  Pitch: 17.999914
  Y: 95.0
  Z: 774.8549666989444
  World: world
  Yaw: -27.331583
