Name: lethal_bacon69
TeleportLocation:
  X: 477.5
  Pitch: 0.44998962
  Y: 89.0
  Z: -187.5
  World: world
  Yaw: 315.0
Charges:
  Amount: 0
  LastGot: 1482388331291
LogOutLocation:
  X: 469.51708735144285
  Pitch: 17.849977
  Y: 88.0
  Z: -201.64752700099226
  World: world
  Yaw: 169.8999
