Name: The_Raven117
LogOutLocation:
  X: -13719.688578632977
  Pitch: 25.800014
  Y: 33.0
  Z: 20041.23039424652
  World: world
  Yaw: 242.09332
Charges:
  Amount: 0
  LastGot: 1479965171265
