Name: _Deathtrap
TeleportLocation:
  X: -294774.5
  Pitch: 3.4013884
  Y: 79.07500000000746
  Z: 243022.5
  World: world
  Yaw: 279.87207
Charges:
  Amount: 0
  LastGot: 1480271933230
LogOutLocation:
  X: -294769.1821758081
  Pitch: 13.289798
  Y: 78.0
  Z: 243022.4794691223
  World: world
  Yaw: -101.980385
