Name: JasperJagg
TeleportLocation:
  X: 477.5
  Pitch: 0.44998962
  Y: 89.0
  Z: -187.5
  World: world
  Yaw: 315.0
Charges:
  Amount: 0
  LastGot: 1480928552206
LogOutLocation:
  X: -20083.69966174601
  Pitch: 13.349971
  Y: 68.0
  Z: -4403.300000011921
  World: world
  Yaw: -87.652
