Name: zerka01
LogOutLocation:
  X: 5033.459376267039
  Pitch: 25.800087
  Y: 65.0
  Z: -4676.670163344408
  World: world
  Yaw: -187.80038
Charges:
  Amount: 0
  LastGot: 1482058551383
