Name: XXx_Blade_xXX
Charges:
  Amount: 0
  LastGot: 1480237087737
LogOutLocation:
  X: 2430.777865848351
  Pitch: 22.350004
  Y: 72.61150041807863
  Z: -4837.63297210033
  World: world
  Yaw: 177.49121
DeathLocation:
  X: 2536.235676177495
  Pitch: 27.449976
  Y: 65.0
  Z: -4966.191426744558
  World: world
  Yaw: 55.23694
