Name: LegendaryKay
Charges:
  Amount: 0
  LastGot: 1480841052320
LogOutLocation:
  X: 597.0241706416048
  Pitch: 21.94024
  Y: 88.0
  Z: -410.5360044684812
  World: world
  Yaw: -85.38129
