Name: RuEvenPro
Charges:
  Amount: 0
  LastGot: 1479372139465
LogOutLocation:
  X: 3747.5
  Pitch: 23.849804
  Y: 73.0
  Z: -2255.5
  World: world
  Yaw: 146.99854
