Name: MoonLight_S
Charges:
  Amount: 0
  LastGot: 1479565805796
LogOutLocation:
  X: -10544.5
  Pitch: 19.800009
  Y: 63.5
  Z: -11664.5
  World: world
  Yaw: 92.549805
