Name: Ausdragon21
TeleportLocation:
  X: 477.5
  Pitch: 0.44998962
  Y: 89.0
  Z: -187.5
  World: world
  Yaw: 315.0
Charges:
  Amount: 0
  LastGot: 1480129761595
LogOutLocation:
  X: 477.49211116778474
  Pitch: 11.999982
  Y: 89.0
  Z: -188.83694670290964
  World: world
  Yaw: 283.74997
