Name: XxFuwafuwaChanxX
Charges:
  Amount: 0
  LastGot: 1479556659507
LogOutLocation:
  X: 477.59632982208444
  Pitch: 0.74999005
  Y: 89.0
  Z: -187.54476139274058
  World: world
  Yaw: 74.49997
