Name: MincQ
TeleportLocation:
  X: -1825.699999988079
  Pitch: 48.955856
  Y: 108.07709614375685
  Z: 2179.300000011921
  World: world
  Yaw: 128.98299
Charges:
  Amount: 0
  LastGot: 1480163120493
LogOutLocation:
  X: -1725.9022075953171
  Pitch: 17.89592
  Y: 95.07064547403846
  Z: 2096.19979866446
  World: world
  Yaw: -129.7943
