Name: Elizabethab
TeleportLocation:
  X: 477.5
  Pitch: 0.44998962
  Y: 89.0
  Z: -187.5
  World: world
  Yaw: 315.0
Charges:
  Amount: 0
  LastGot: 1480309078075
LogOutLocation:
  X: 477.5
  Pitch: -2.7000191
  Y: 89.0
  Z: -187.5
  World: world
  Yaw: 274.8999
