Name: Sinsateon
TeleportLocation:
  X: 420.03793940206236
  Pitch: 31.760593
  Y: 88.1212968405392
  Z: -175.17170250684913
  World: world
  Yaw: 14.037659
Charges:
  Amount: 0
  LastGot: 1481431669572
LogOutLocation:
  X: 672.9622208543569
  Pitch: 31.560152
  Y: 65.0
  Z: -185.58936565874419
  World: world
  Yaw: 297.22845
