Name: vPando
TeleportLocation:
  X: 477.5
  Pitch: 0.44998962
  Y: 89.0
  Z: -187.5
  World: world
  Yaw: 315.0
Charges:
  Amount: 0
  LastGot: 1479909925851
LogOutLocation:
  X: 477.5
  Pitch: -1.0500194
  Y: 89.0
  Z: -187.5
  World: world
  Yaw: 270.54996
