Name: EstherBunny
Charges:
  Amount: 0
  LastGot: 1479386763928
LogOutLocation:
  X: 478.62651592089327
  Pitch: -8.179037
  Y: 89.0
  Z: -182.2418145282089
  World: world
  Yaw: 142.77774
