Name: BlueNinja1206
TeleportLocation:
  X: 477.5
  Pitch: 0.44998962
  Y: 89.0
  Z: -187.5
  World: world
  Yaw: 315.0
Charges:
  Amount: 0
  LastGot: 1481937920119
LogOutLocation:
  X: 486.968421258714
  Pitch: 10.19998
  Y: 88.0
  Z: -205.96902766684488
  World: world
  Yaw: 195.69995
