Name: Chalwk
LogOutLocation:
  X: -28996.749007327966
  Pitch: 8.42237
  Y: 65.0
  Z: -18616.6871743363
  World: world
  Yaw: 230.9602
Charges:
  Amount: 0
  LastGot: 1479361321006
TeleportLocation:
  X: -703963.038130758
  Pitch: 23.953014
  Y: 72.0
  Z: 446033.65513258503
  World: world
  Yaw: 123.49896
