Name: Lukie2006
Charges:
  Amount: 0
  LastGot: 1479373561455
LogOutLocation:
  X: 3691.5199650900217
  Pitch: 12.899815
  Y: 63.34829116583738
  Z: -2208.7992463040378
  World: world
  Yaw: 37.19872
