Name: awsmgrl888
Charges:
  Amount: 0
  LastGot: 1479794138511
LogOutLocation:
  X: 2371.862500011921
  Pitch: 16.350084
  Y: 81.0
  Z: -4645.165964365194
  World: world
  Yaw: -6.551675
TeleportLocation:
  X: -1615.9850324974943
  Pitch: -64.95
  Y: 77.0
  Z: -988.1173788377358
  World: world
  Yaw: -38.400078
DeathLocation:
  X: -1620.2619685220752
  Pitch: 66.30003
  Y: 68.74718866953232
  Z: -998.0942189134628
  World: world
  Yaw: 344.99976
