Name: VampCat
Charges:
  Amount: 0
  LastGot: 1479559243381
LogOutLocation:
  X: -286742.5
  Pitch: 15.675339
  Y: 77.0
  Z: -577991.5
  World: world
  Yaw: -0.49026218
