Name: clivethebadass
TeleportLocation:
  X: 477.5
  Pitch: 0.44998962
  Y: 89.0
  Z: -187.5
  World: world
  Yaw: 315.0
Charges:
  Amount: 0
  LastGot: 1481431634570
LogOutLocation:
  X: -18238.975705740766
  Pitch: 7.6707954
  Y: 64.0
  Z: -11177.446403576838
  World: world
  Yaw: -140.54929
