Name: redhotprime
TeleportLocation:
  X: -8151.628556889624
  Pitch: 21.600046
  Y: 64.0
  Z: -13531.729716632617
  World: world
  Yaw: -1.7863636
Charges:
  Amount: 0
  LastGot: 1479398758828
LogOutLocation:
  X: -8136.133214009041
  Pitch: 34.05005
  Y: 193.0
  Z: -13518.032997738797
  World: world
  Yaw: 4.3636475
