Name: LainaO_o
LogOutLocation:
  X: -2839.2360145030116
  Pitch: 51.150017
  Y: 64.0
  Z: -1480.699999988079
  World: world
  Yaw: 316.67813
Charges:
  Amount: 0
  LastGot: 1480151913960
