Name: Xx_Chibi_Chan_xX
TeleportLocation:
  X: 477.5
  Pitch: 0.44998962
  Y: 89.0
  Z: -187.5
  World: world
  Yaw: 315.0
Charges:
  Amount: 0
  LastGot: 1479556590425
LogOutLocation:
  X: 476.1061325328817
  Pitch: -6.600017
  Y: 89.0
  Z: -186.816271169588
  World: world
  Yaw: 229.60004
