Name: AboveGames
LogOutLocation:
  X: 477.5
  Pitch: -1.0500194
  Y: 89.0
  Z: -187.5
  World: world
  Yaw: 270.54996
Charges:
  Amount: 0
  LastGot: 1479875458873
