Name: BilboSwagginzz_
Charges:
  Amount: 0
  LastGot: 1479641924138
LogOutLocation:
  X: 488.9327440296805
  Pitch: 35.099976
  Y: 97.24495355447972
  Z: -202.45379399051436
  World: world
  Yaw: 330.84998
TeleportLocation:
  X: -310441.7794681264
  Pitch: 0.6661444
  Y: 73.11650136792812
  Z: -625943.9142641794
  World: world
  Yaw: 213.98767
DeathLocation:
  X: -1619.3251013903325
  Pitch: 23.361794
  Y: 68.21589434553873
  Z: -1039.300000011921
  World: world
  Yaw: 2.4296246
