Name: xII_G_Unit
Charges:
  Amount: 0
  LastGot: 1481421501657
LogOutLocation:
  X: 19693.45985397405
  Pitch: 13.479318
  Y: 63.0
  Z: 49.24167282217922
  World: world
  Yaw: -220.01178
