Name: kdc029
LogOutLocation:
  X: -18630.92478343234
  Pitch: 43.859993
  Y: 115.48455964680561
  Z: 10618.949999988079
  World: world
  Yaw: 68.161896
Charges:
  Amount: 0
  LastGot: 1479437972456
