Name: scorpiogamer26
LogOutLocation:
  X: -6126.334829879913
  Pitch: 20.32364
  Y: 73.0
  Z: 6065.545732017086
  World: world
  Yaw: 108.582275
Charges:
  Amount: 0
  LastGot: 1481355930070
