Name: Lady_Yashacat
TeleportLocation:
  X: -8151.583806809406
  Pitch: 26.763863
  Y: 193.0
  Z: -13530.026447750783
  World: world
  Yaw: -356.3922
Charges:
  Amount: 0
  LastGot: 1480963615442
LogOutLocation:
  X: -3171.78378607025
  Pitch: 1.7807577
  Y: 64.0
  Z: -10894.07139001645
  World: world
  Yaw: -63.62915
