Name: xXMizuchiXx
TeleportLocation:
  X: 22356.087930186703
  Pitch: 11.410857
  Y: 69.0
  Z: -21946.374222144826
  World: world
  Yaw: 2.9138086
Charges:
  Amount: 0
  LastGot: 1479633765039
LogOutLocation:
  X: -262.92550199151276
  Pitch: 7.526321
  Y: 62.0
  Z: -17994.697004278863
  World: world
  Yaw: -201.9157
DeathLocation:
  X: 610.6349712633574
  Pitch: -6.249605
  Y: 67.4140114523433
  Z: -375.5992140664573
  World: world
  Yaw: 90.38322
