Name: YuuKasumi
Charges:
  Amount: 0
  LastGot: 1479756319767
LogOutLocation:
  X: 3117.2438973251055
  Pitch: 11.881909
  Y: 64.0
  Z: 17230.414987811033
  World: world
  Yaw: 284.25497
