Name: llUNICORNll
Charges:
  Amount: 0
  LastGot: 1481437934164
LogOutLocation:
  X: -19686.69999998808
  Pitch: 25.705698
  Y: 80.0
  Z: 18019.69999998808
  World: world
  Yaw: 147.77534
DeathLocation:
  X: -19254.562551908693
  Pitch: -11.757146
  Y: 5.979962433005658
  Z: 18033.110264777806
  World: world
  Yaw: 209.44489
