Name: pigachoo
Charges:
  Amount: 0
  LastGot: 1481432435341
LogOutLocation:
  X: -19670.54155631269
  Pitch: 51.90006
  Y: 80.0
  Z: 18017.838074826956
  World: world
  Yaw: -111.151184
TeleportLocation:
  X: -19667.95676082572
  Pitch: 26.849941
  Y: 80.0
  Z: 18017.90421970436
  World: world
  Yaw: -175.9507
