Name: O91
DeathLocation:
  X: -1612.2117068967937
  Pitch: 26.549992
  Y: 68.72906941194748
  Z: -999.8121174408232
  World: world
  Yaw: -83.54993
Charges:
  Amount: 0
  LastGot: 1481878098842
LogOutLocation:
  X: -1612.151899790367
  Pitch: 20.699991
  Y: 67.70648786046942
  Z: -999.8318059724103
  World: world
  Yaw: -65.84992
