Name: YearlyWriter
LogOutLocation:
  X: 500.0684459100818
  Pitch: -4.155453
  Y: 88.0
  Z: -187.07270122025892
  World: world
  Yaw: -79.743774
Charges:
  Amount: 0
  LastGot: 1482148490854
