Name: Will7838
Charges:
  Amount: 0
  LastGot: 1479378920340
LogOutLocation:
  X: 412827.6999999881
  Pitch: 27.000086
  Y: 67.20000004768372
  Z: 272472.9896442243
  World: world
  Yaw: -177.19815
TeleportLocation:
  X: 496.5857491373221
  Pitch: 35.24998
  Y: 146.66892138518884
  Z: -232.3684318821123
  World: world
  Yaw: -281.9035
