Name: O92
DeathLocation:
  X: -2055.699999988079
  Pitch: 23.644802
  Y: 86.0
  Z: -1103.7562920314913
  World: world
  Yaw: 15.416852
Charges:
  Amount: 0
  LastGot: 1481422601813
LogOutLocation:
  X: -2035.556395632018
  Pitch: 5.827175
  Y: 97.37429331309657
  Z: -1076.317652408872
  World: world
  Yaw: -142.46397
