Name: Dnomderyaj
Charges:
  Amount: 0
  LastGot: 1480822360946
LogOutLocation:
  X: 16369.70261349341
  Pitch: 30.41196
  Y: 109.0
  Z: -8856.00655788493
  World: world
  Yaw: 189.32758
